  -6.4202664e-04  -1.2464628e-04   3.2023105e-04   7.9710774e-05  -2.8016713e-04   1.4634725e-04   3.4957084e-04  -1.7755000e-04
  -1.6725363e-03  -2.3809958e-04   1.0548754e-03   1.0363213e-04  -8.0013621e-04   3.0428488e-04   1.0985919e-03  -4.3357770e-04
  -1.3720150e-03  -1.8209564e-04   8.4026554e-04   8.1747426e-05  -6.4905272e-04   2.6445501e-04   8.9630183e-04  -3.7876923e-04
  -7.2597272e-04  -1.2242915e-04   3.7989074e-04   7.4205093e-05  -3.2280018e-04   1.6232723e-04   4.1865787e-04  -2.0833388e-04
  -7.1991965e-04  -2.2489482e-04   3.7724032e-04   1.4115357e-04  -3.1726207e-04   1.3337113e-04   3.4161720e-04  -1.1748095e-04
  -2.3393659e-03  -6.5528735e-04   1.5358036e-03   3.4274129e-04  -1.1283219e-03   3.1305628e-04   1.3411370e-03  -3.0141976e-04
  -6.5698216e-03  -1.5794015e-03   4.5590699e-03   7.3911669e-04  -3.2518632e-03   8.3685229e-04   4.0931746e-03  -9.5535960e-04
  -1.4373216e-02  -3.1490938e-03   1.0128669e-02   1.3867783e-03  -7.1666632e-03   1.8254951e-03   9.2606672e-03  -2.2628795e-03
  -2.6358634e-02  -5.3076673e-03   1.8599154e-02   2.2876120e-03  -1.3095540e-02   3.1792620e-03   1.7311738e-02  -4.2335355e-03
  -4.2863543e-02  -7.8378796e-03   3.0073291e-02   3.4014625e-03  -2.1064272e-02   4.6287208e-03   2.8564540e-02  -6.7429204e-03
  -6.4223290e-02  -1.0516323e-02   4.4648755e-02   4.6805227e-03  -3.1085934e-02   5.8992980e-03   4.3328434e-02  -9.6576827e-03
  -9.0962493e-02  -1.3040444e-02   6.2477004e-02   5.8215667e-03  -4.2876775e-02   6.6862648e-03   6.1720909e-02  -1.2630733e-02
  -1.2385164e-01  -1.5004881e-02   8.3779365e-02   6.1895700e-03  -5.5767451e-02   6.6457201e-03   8.3610206e-02  -1.5037330e-02
  -1.6367623e-01  -1.5995462e-02   1.0877917e-01   5.1262974e-03  -6.9059595e-02   5.4293153e-03   1.0884622e-01  -1.6232858e-02
  -2.1092055e-01  -1.5187444e-02   1.3713426e-01   1.7538583e-03  -8.1364844e-02   2.3009570e-03   1.3692061e-01  -1.5293384e-02
  -2.6539685e-01  -1.0840047e-02   1.6724085e-01  -5.2957186e-03  -8.9755373e-02  -4.3405583e-03   1.6652578e-01  -1.0671787e-02
  -3.2682648e-01  -1.0885438e-03   1.9732440e-01  -1.7456716e-02  -9.1095053e-02  -1.6213490e-02   1.9624599e-01  -7.3662150e-04
  -3.9520706e-01   1.5875399e-02   2.2579671e-01  -3.6137559e-02  -8.2410714e-02  -3.4936100e-02   2.2475664e-01   1.6153407e-02
  -4.7164142e-01   4.1634541e-02   2.5181482e-01  -6.2643252e-02  -6.1381019e-02  -6.1726671e-02   2.5109769e-01   4.1679000e-02
  -5.5750870e-01   7.7715248e-02   2.7472206e-01  -9.8252941e-02  -2.5847586e-02  -9.7703488e-02   2.7440021e-01   7.7530709e-02
  -6.5417212e-01   1.2555874e-01   2.9394557e-01  -1.4420529e-01   2.6241354e-02  -1.4394404e-01   2.9388191e-01   1.2530537e-01
  -7.6287715e-01   1.8597697e-01   3.0953199e-01  -2.0143980e-01   9.6149635e-02  -2.0122428e-01   3.0940050e-01   1.8590718e-01
  -8.8481648e-01   2.5949986e-01   3.2180558e-01  -2.7076187e-01   1.8478794e-01  -2.7018504e-01   3.2110060e-01   2.5992989e-01
  -1.0210158e+00   3.4655783e-01   3.3099042e-01  -3.5264968e-01   2.9265360e-01  -3.5116538e-01   3.2905648e-01   3.4785194e-01
  -1.1700052e+00   4.4611276e-01   3.3579176e-01  -4.4269454e-01   4.1408422e-01  -4.3999873e-01   3.3226994e-01   4.4844796e-01
  -1.3283940e+00   5.5599600e-01   3.3374573e-01  -5.3272581e-01   5.3867557e-01  -5.2905008e-01   3.2891720e-01   5.5918103e-01
  -1.4927741e+00   6.7400171e-01   3.2243050e-01  -6.1458278e-01   6.5601296e-01  -6.1068991e-01   3.1721123e-01   6.7748063e-01
  -1.6610005e+00   7.9760801e-01   3.0222869e-01  -6.8425080e-01   7.6001533e-01  -6.8097064e-01   2.9761922e-01   8.0078192e-01
  -1.8325682e+00   9.2388251e-01   2.7716604e-01  -7.4310116e-01   8.5023126e-01  -7.4072762e-01   2.7353670e-01   9.2652749e-01
  -2.0070803e+00   1.0498757e+00   2.5149266e-01  -7.9285286e-01   9.2657858e-01  -7.9110487e-01   2.4853718e-01   1.0521699e+00
  -2.1837789e+00   1.1748320e+00   2.2541029e-01  -8.3263009e-01   9.8749832e-01  -8.3090856e-01   2.2244484e-01   1.1771767e+00
  -2.3611022e+00   1.3028904e+00   1.9008814e-01  -8.5576765e-01   1.0281365e+00  -8.5372888e-01   1.8671846e-01   1.3055104e+00
  -2.5373792e+00   1.4388524e+00   1.3547331e-01  -8.5481701e-01   1.0431933e+00  -8.5245026e-01   1.3168495e-01   1.4417424e+00
  -2.7116607e+00   1.5866683e+00   5.3529933e-02  -8.2358174e-01   1.0280500e+00  -8.2112683e-01   4.9594123e-02   1.5896506e+00
  -2.8858842e+00   1.7468849e+00  -5.5709534e-02  -7.6087377e-01   9.8081164e-01  -7.5849157e-01  -5.9612556e-02   1.7498421e+00
  -3.0627090e+00   1.9191983e+00  -1.9019558e-01  -6.6675714e-01   9.0026429e-01  -6.6444716e-01  -1.9407072e-01   1.9221310e+00
  -3.2443357e+00   2.1030302e+00  -3.4758459e-01  -5.4191953e-01   7.8599693e-01  -5.3954982e-01  -3.5158325e-01   2.1060309e+00
  -3.4295735e+00   2.2957781e+00  -5.2335946e-01  -3.9165757e-01   6.4353224e-01  -3.8918582e-01  -5.2749382e-01   2.2988355e+00
  -3.6157121e+00   2.4939320e+00  -7.1202889e-01  -2.2333367e-01   4.8105243e-01  -2.2090632e-01  -7.1604388e-01   2.4968433e+00
  -3.8002842e+00   2.6943291e+00  -9.0865614e-01  -4.3617593e-02   3.0599993e-01  -4.1554035e-02  -9.1205338e-01   2.6967179e+00
  -3.9845693e+00   2.8990664e+00  -1.1166708e+00   1.5133086e-01   1.1456071e-01   1.5278095e-01  -1.1190757e+00   2.9006539e+00
  -4.1727310e+00   3.1142902e+00  -1.3459430e+00   3.7344246e-01  -1.0574459e-01   3.7428598e-01  -1.3473875e+00   3.1151041e+00
  -4.3689856e+00   3.3461867e+00  -1.6063791e+00   6.3469676e-01  -3.6745023e-01   6.3519744e-01  -1.6073014e+00   3.3465611e+00
  -4.5767134e+00   3.5984569e+00  -1.9028589e+00   9.4087963e-01  -6.7656113e-01   9.4138109e-01  -1.9038165e+00   3.5988112e+00
  -4.7982082e+00   3.8715727e+00  -2.2337325e+00   1.2897311e+00  -1.0306003e+00   1.2904271e+00  -2.2350294e+00   3.8721253e+00
  -5.0356407e+00   4.1657335e+00  -2.5968431e+00   1.6783731e+00  -1.4264411e+00   1.6792922e+00  -2.5985053e+00   4.1664826e+00
  -5.2803947e+00   4.4691133e+00  -2.9750713e+00   2.0868914e+00  -1.8434025e+00   2.0879479e+00  -2.9769379e+00   4.4699156e+00
  -5.4997882e+00   4.7430556e+00  -3.3179150e+00   2.4573620e+00  -2.2216368e+00   2.4584679e+00  -3.3198412e+00   4.7438009e+00
  -5.6578828e+00   4.9452734e+00  -3.5703549e+00   2.7267179e+00  -2.4959970e+00   2.7277985e+00  -3.5722398e+00   4.9459082e+00
  -5.7297869e+00   5.0468965e+00  -3.6953496e+00   2.8526481e+00  -2.6227990e+00   2.8536466e+00  -3.6971358e+00   5.0474168e+00
  -5.7347962e+00   5.0727207e+00  -3.7277683e+00   2.8758668e+00  -2.6442098e+00   2.8767623e+00  -3.7294405e+00   5.0731424e+00
  -5.7032531e+00   5.0609586e+00  -3.7204579e+00   2.8578445e+00  -2.6238595e+00   2.8586566e+00  -3.7220428e+00   5.0613104e+00
  -5.6623402e+00   5.0457749e+00  -3.7205981e+00   2.8534407e+00  -2.6185277e+00   2.8542239e+00  -3.7221576e+00   5.0460955e+00
  -5.6158869e+00   5.0314183e+00  -3.7334820e+00   2.8686585e+00  -2.6343679e+00   2.8694594e+00  -3.7350664e+00   5.0317399e+00
  -5.5572551e+00   5.0087295e+00  -3.7456292e+00   2.8876033e+00  -2.6548423e+00   2.8884415e+00  -3.7472563e+00   5.0090696e+00
  -5.4801140e+00   4.9689426e+00  -3.7441099e+00   2.8950215e+00  -2.6640788e+00   2.8958912e+00  -3.7457660e+00   4.9693050e+00
  -5.3834648e+00   4.9101330e+00  -3.7255531e+00   2.8868029e+00  -2.6577673e+00   2.8876915e+00  -3.7272183e+00   4.9105137e+00
  -5.2704131e+00   4.8356417e+00  -3.6939466e+00   2.8674147e+00  -2.6404980e+00   2.8683182e+00  -3.6956136e+00   4.8360343e+00
  -5.1441427e+00   4.7489106e+00  -3.6534182e+00   2.8414869e+00  -2.6170298e+00   2.8424095e+00  -3.6550926e+00   4.7493061e+00
  -5.0067704e+00   4.6520211e+00  -3.6061762e+00   2.8113865e+00  -2.5897763e+00   2.8123312e+00  -3.6078642e+00   4.6524104e+00
  -4.8590266e+00   4.5452879e+00  -3.5519360e+00   2.7765413e+00  -2.5581047e+00   2.7774968e+00  -3.5536279e+00   4.5456639e+00
  -4.7015500e+00   4.4289087e+00  -3.4902479e+00   2.7361844e+00  -2.5211808e+00   2.7371246e+00  -3.4919174e+00   4.4292666e+00
  -4.5351374e+00   4.3033042e+00  -3.4209956e+00   2.6899480e+00  -2.4785969e+00   2.6908416e+00  -3.4226094e+00   4.3036412e+00
  -4.3609391e+00   4.1693930e+00  -3.3448072e+00   2.6383543e+00  -2.4308979e+00   2.6391864e+00  -3.3463463e+00   4.1697072e+00
  -4.1801528e+00   4.0281611e+00  -3.2624114e+00   2.5820462e+00  -2.3787577e+00   2.5828211e+00  -3.2638742e+00   4.0284512e+00
  -3.9939339e+00   3.8805535e+00  -3.1744823e+00   2.5216003e+00  -2.3227789e+00   2.5223377e+00  -3.1758809e+00   3.8808189e+00
  -3.8032684e+00   3.7273507e+00  -3.0814768e+00   2.4573295e+00  -2.2632798e+00   2.4580479e+00  -3.0828223e+00   3.7275927e+00
  -3.6090996e+00   3.5692922e+00  -2.9837974e+00   2.3894809e+00  -2.2005075e+00   2.3901932e+00  -2.9850959e+00   3.5695137e+00
  -3.4123659e+00   3.4071173e+00  -2.8818535e+00   2.3183112e+00  -2.1347191e+00   2.3190248e+00  -2.8831067e+00   3.4073226e+00
  -3.2139689e+00   3.2415650e+00  -2.7761073e+00   2.2441508e+00  -2.0662453e+00   2.2448656e+00  -2.7773142e+00   3.2417560e+00
  -3.0147935e+00   3.0733741e+00  -2.6670444e+00   2.1673633e+00  -1.9954498e+00   2.1680702e+00  -2.6682023e+00   3.0735482e+00
  -2.8157196e+00   2.9032800e+00  -2.5551481e+00   2.0883093e+00  -1.9226936e+00   2.0889917e+00  -2.5562529e+00   2.9034311e+00
  -2.6175509e+00   2.7319670e+00  -2.4408612e+00   2.0073094e+00  -1.8482972e+00   2.0079541e+00  -2.4419132e+00   2.7320941e+00
  -2.4210320e+00   2.5600798e+00  -2.3245961e+00   1.9246527e+00  -1.7725496e+00   1.9252595e+00  -2.3256044e+00   2.5601944e+00
  -2.2269046e+00   2.3882616e+00  -2.2067639e+00   1.8406277e+00  -1.6957388e+00   1.8412086e+00  -2.2077460e+00   2.3883869e+00
  -2.0358437e+00   2.2171176e+00  -2.0877647e+00   1.7555142e+00  -1.6181309e+00   1.7560828e+00  -2.0887346e+00   2.2172739e+00
  -1.8484379e+00   2.0472040e+00  -1.9679848e+00   1.6695816e+00  -1.5399642e+00   1.6701377e+00  -1.9689362e+00   2.0473896e+00
  -1.6652699e+00   1.8790739e+00  -1.8478093e+00   1.5830986e+00  -1.4614753e+00   1.5836275e+00  -1.8487152e+00   1.8792637e+00
  -1.4868888e+00   1.7132540e+00  -1.7276101e+00   1.4963244e+00  -1.3828909e+00   1.4968053e+00  -1.7284354e+00   1.7134127e+00
  -1.3137681e+00   1.5502124e+00  -1.6077302e+00   1.4094975e+00  -1.3044168e+00   1.4099225e+00  -1.6084603e+00   1.5503241e+00
  -1.1463715e+00   1.3904096e+00  -1.4885087e+00   1.3228537e+00  -1.2262557e+00   1.3232303e+00  -1.4891529e+00   1.3904817e+00
  -9.8513644e-01   1.2342909e+00  -1.3702799e+00   1.2366243e+00  -1.1486033e+00   1.2369703e+00  -1.3708649e+00   1.2343473e+00
  -8.3039739e-01   1.0822417e+00  -1.2533606e+00   1.1510229e+00  -1.0716256e+00   1.1513472e+00  -1.2539000e+00   1.0822962e+00
  -6.8246280e-01   9.3463249e-01  -1.1380630e+00   1.0662585e+00  -9.9548165e-01   1.0665563e+00  -1.1385503e+00   9.3468191e-01
  -5.4163213e-01   7.9182646e-01  -1.0246955e+00   9.8253732e-01  -9.2032824e-01   9.8279253e-01  -1.0251081e+00   7.9185361e-01
  -4.0813838e-01   6.5413385e-01  -9.1353999e-01   9.0004286e-01  -8.4630707e-01   9.0024891e-01  -9.1386574e-01   6.5412858e-01
  -2.8218472e-01   5.2184106e-01  -8.0486604e-01   8.1894857e-01  -7.7355304e-01   8.1911760e-01  -8.0511614e-01   5.2180978e-01
  -1.6396886e-01   3.9523079e-01  -6.9894162e-01   7.3942666e-01  -7.0219957e-01   7.3958810e-01  -6.9914876e-01   3.9519533e-01
  -5.3608803e-02   2.7453165e-01  -5.9600955e-01   6.6163136e-01  -6.3235837e-01   6.6181013e-01  -5.9620456e-01   2.7451248e-01
   4.8838784e-02   1.5993061e-01  -4.9629329e-01   5.8570305e-01  -5.6412445e-01   5.8590288e-01  -4.9648708e-01   1.5993386e-01
   1.4331953e-01   5.1612907e-02  -4.0001550e-01   5.1178163e-01  -4.9759257e-01   5.1198495e-01  -4.0019886e-01   5.1630250e-02
   2.2980642e-01  -5.0262484e-02  -3.0738741e-01   4.4000194e-01  -4.3286529e-01   4.4018364e-01  -3.0754141e-01  -5.0245541e-02
   3.0830800e-01  -1.4557071e-01  -2.1860541e-01   3.7049229e-01  -3.7005527e-01   3.7063762e-01  -2.1871491e-01  -1.4556404e-01
   3.7883535e-01  -2.3418935e-01  -1.3386480e-01   3.0338051e-01  -3.0927582e-01   3.0348620e-01  -1.3391933e-01  -2.3419747e-01
   4.4143367e-01  -3.1602590e-01  -5.3338340e-02   2.3878263e-01  -2.5063078e-01   2.3885355e-01  -5.3332919e-02  -3.1604935e-01
   4.9622427e-01  -3.9105467e-01   2.2851447e-02   1.7678845e-01  -1.9420289e-01   1.7682995e-01   2.2914553e-02  -3.9109295e-01
   5.4333877e-01  -4.5925902e-01   9.4588833e-02   1.1748419e-01  -1.4007202e-01   1.1750110e-01   9.4699867e-02  -4.5931099e-01
   5.8292428e-01  -5.2063760e-01   1.6176841e-01   6.0951241e-02  -8.8315185e-02   6.0947917e-02   1.6191217e-01  -5.2070124e-01
   6.1518976e-01  -5.7525037e-01   2.2432605e-01   7.2515109e-03  -3.8997860e-02   7.2321306e-03   2.2449007e-01  -5.7532167e-01
   6.4035968e-01  -6.2317261e-01   2.8220794e-01  -4.3557945e-02   7.8173596e-03  -4.3589323e-02   2.8238455e-01  -6.2324533e-01
   6.5866319e-01  -6.6448470e-01   3.3536437e-01  -9.1420371e-02   5.2067908e-02  -9.1460054e-02   3.3555041e-01  -6.6455109e-01
   6.7036427e-01  -6.9930486e-01   3.8377618e-01  -1.3628122e-01   9.3691458e-02  -1.3632771e-01   3.8397092e-01  -6.9936106e-01
   6.7574251e-01  -7.2776824e-01   4.2743783e-01  -1.7808694e-01   1.3262579e-01  -1.7814175e-01   4.2764206e-01  -7.2781669e-01
   6.7508055e-01  -7.5001330e-01   4.6634639e-01  -2.1678543e-01   1.6880996e-01  -2.1685283e-01   4.6656231e-01  -7.5006231e-01
   6.6870584e-01  -7.6622622e-01   5.0053682e-01  -2.5234661e-01   2.0220216e-01  -2.5242946e-01   5.0076634e-01  -7.6628357e-01
   6.5698029e-01  -7.7663000e-01   5.3007326e-01  -2.8475731e-01   2.3277528e-01  -2.8485390e-01   5.3031671e-01  -7.7669793e-01
   6.4026697e-01  -7.8144906e-01   5.5502108e-01  -3.1400498e-01   2.6050295e-01  -3.1410904e-01   5.5527723e-01  -7.8152426e-01
   6.1893999e-01  -7.8092724e-01   5.7546599e-01  -3.4008438e-01   2.8537219e-01  -3.4018838e-01   5.7573181e-01  -7.8100381e-01
   5.9338771e-01  -7.7533363e-01   5.9152006e-01  -3.6299980e-01   3.0738741e-01  -3.6309929e-01   5.9179050e-01  -7.7540693e-01
   5.6399950e-01  -7.6493903e-01   6.0329716e-01  -3.8275616e-01   3.2655424e-01  -3.8285004e-01   6.0356517e-01  -7.6500594e-01
   5.3117287e-01  -7.5002420e-01   6.1092184e-01  -3.9936726e-01   3.4288835e-01  -3.9945698e-01   6.1118014e-01  -7.5008312e-01
   4.9532343e-01  -7.3089202e-01   6.1454237e-01  -4.1286658e-01   3.5642787e-01  -4.1295431e-01   6.1478751e-01  -7.3094288e-01
   4.5686927e-01  -7.0784837e-01   6.1431028e-01  -4.2329029e-01   3.6721396e-01  -4.2337871e-01   6.1454317e-01  -7.0789264e-01
   4.1622731e-01  -6.8120238e-01   6.1038252e-01  -4.3068032e-01   3.7529448e-01  -4.3077208e-01   6.1060748e-01  -6.8124259e-01
   3.7380971e-01  -6.5127626e-01   6.0293785e-01  -4.3510162e-01   3.8074412e-01  -4.3519746e-01   6.0315873e-01  -6.5131404e-01
   3.3002747e-01  -6.1839546e-01   5.9216046e-01  -4.3662489e-01   3.8364429e-01  -4.3672317e-01   5.9237970e-01  -6.1843110e-01
   2.8528883e-01  -5.8288457e-01   5.7823619e-01  -4.3532413e-01   3.8407877e-01  -4.3542114e-01   5.7845468e-01  -5.8291734e-01
   2.3998168e-01  -5.4506174e-01   5.6136277e-01  -4.3129746e-01   3.8214923e-01  -4.3139017e-01   5.6157909e-01  -5.4509258e-01
   1.9448480e-01  -5.0524221e-01   5.4174331e-01  -4.2465383e-01   3.7796531e-01  -4.2474112e-01   5.4195333e-01  -5.0527498e-01
   1.4917486e-01  -4.6374080e-01   5.1958113e-01  -4.1550353e-01   3.7163773e-01  -4.1558610e-01   5.1977836e-01  -4.6378189e-01
   1.0439791e-01  -4.2086567e-01   4.9508279e-01  -4.0397593e-01   3.6329273e-01  -4.0405575e-01   4.9526295e-01  -4.2091929e-01
   6.0476398e-02  -3.7691990e-01   4.6845730e-01  -3.9021512e-01   3.5306851e-01  -3.9029488e-01   4.6862185e-01  -3.7698435e-01
   1.7731531e-02  -3.3220600e-01   4.3991388e-01  -3.7436595e-01   3.4110362e-01  -3.7444905e-01   4.4007000e-01  -3.3227370e-01
  -2.3540722e-02  -2.8700993e-01   4.0966721e-01  -3.5658817e-01   3.2753961e-01  -3.5667737e-01   4.0982263e-01  -2.8707160e-01
  -6.3077173e-02  -2.4159615e-01   3.7793904e-01  -3.3706094e-01   3.1252186e-01  -3.3715658e-01   3.7809533e-01  -2.4164622e-01
  -1.0061692e-01  -1.9622765e-01   3.4495158e-01  -3.1596472e-01   2.9619603e-01  -3.1606463e-01   3.4510375e-01  -1.9626464e-01
  -1.3592083e-01  -1.5115929e-01   3.1092507e-01  -2.9348600e-01   2.7871049e-01  -2.9358615e-01   3.1106479e-01  -1.5118489e-01
  -1.6879827e-01  -1.0662783e-01   2.7607529e-01  -2.6982473e-01   2.6021965e-01  -2.6992076e-01   2.7619822e-01  -1.0664486e-01
  -1.9906520e-01  -6.2867544e-02   2.4061746e-01  -2.4518266e-01   2.4087872e-01  -2.4527007e-01   2.4072421e-01  -6.2879715e-02
  -2.2654993e-01  -2.0105697e-02   2.0476650e-01  -2.1976228e-01   2.2084045e-01  -2.1983709e-01   2.0486110e-01  -2.0116955e-02
  -2.5113016e-01   2.1458652e-02   1.6873637e-01  -1.9376907e-01   2.0024770e-01  -1.9383035e-01   1.6882011e-01   2.1446555e-02
  -2.7269598e-01   6.1633487e-02   1.3274077e-01  -1.6740922e-01   1.7924088e-01  -1.6745977e-01   1.3281062e-01   6.1621615e-02
  -2.9114364e-01   1.0023048e-01   9.6991601e-02  -1.4088821e-01   1.5795937e-01  -1.4093385e-01   9.7041011e-02   1.0022241e-01
  -3.0641504e-01   1.3708857e-01   6.1687611e-02  -1.1440603e-01   1.3653512e-01  -1.1445065e-01   6.1711980e-02   1.3708820e-01
  -3.1847257e-01   1.7205891e-01   2.7021622e-02  -8.8160243e-02   1.1509676e-01  -8.8203507e-02   2.7020787e-02   1.7206946e-01
  -3.2728104e-01   2.0499437e-01  -6.8144301e-03  -6.2347283e-02   9.3772156e-02  -6.2384965e-02  -6.8364127e-03   2.0501823e-01
  -3.3284040e-01   2.3577231e-01  -3.9641514e-02  -3.7147181e-02   7.2678268e-02  -3.7175630e-02  -3.9679810e-02   2.3580899e-01
  -3.3517764e-01   2.6428899e-01  -7.1290534e-02  -1.2727338e-02   5.1923644e-02  -1.2746922e-02  -7.1342173e-02   2.6433350e-01
  -3.3432109e-01   2.9044159e-01  -1.0159303e-01   1.0745608e-02   3.1616427e-02   1.0730502e-02  -1.0165696e-01   2.9048455e-01
  -3.3032505e-01   3.1414476e-01  -1.3039506e-01   3.3122035e-02   1.1857448e-02   3.3106583e-02  -1.3047154e-01   3.1417792e-01
  -3.2327753e-01   3.3533586e-01  -1.5756158e-01   5.4274419e-02  -7.2619641e-03   5.4258020e-02  -1.5765142e-01   3.3535924e-01
  -3.1326884e-01   3.5395381e-01  -1.8295889e-01   7.4076786e-02  -2.5651145e-02   7.4063358e-02  -1.8306334e-01   3.5397620e-01
  -3.0040474e-01   3.6995210e-01  -2.0646843e-01   9.2418293e-02  -4.3225814e-02   9.2413755e-02  -2.0658839e-01   3.6998588e-01
  -2.8482541e-01   3.8331668e-01  -2.2800555e-01   1.0922186e-01  -5.9915926e-02   1.0922850e-01  -2.2813952e-01   3.8336640e-01
  -2.6667570e-01   3.9403788e-01  -2.4749014e-01   1.2441499e-01  -7.5653365e-02   1.2443070e-01  -2.4763401e-01   3.9409872e-01
  -2.4610768e-01   4.0211305e-01  -2.6484912e-01   1.3793319e-01  -9.0370997e-02   1.3795286e-01  -2.6499721e-01   4.0217380e-01
  -2.2330237e-01   4.0756745e-01  -2.8003747e-01   1.4974411e-01  -1.0400562e-01   1.4976513e-01  -2.8018659e-01   4.0762254e-01
  -1.9844800e-01   4.1043338e-01  -2.9301715e-01   1.5982344e-01  -1.1649500e-01   1.5984706e-01  -2.9316769e-01   4.1048583e-01
  -1.7173615e-01   4.1074668e-01  -3.0375473e-01   1.6815076e-01  -1.2777890e-01   1.6818148e-01  -3.0391003e-01   4.1080668e-01
  -1.4338285e-01   4.0856971e-01  -3.1225048e-01   1.7473460e-01  -1.3781169e-01   1.7477534e-01  -3.1241258e-01   4.0864373e-01
  -1.1361511e-01   4.0397671e-01  -3.1851983e-01   1.7959647e-01  -1.4655427e-01   1.7964640e-01  -3.1868752e-01   4.0406262e-01
  -8.2660634e-02   3.9704315e-01  -3.2257962e-01   1.8275923e-01  -1.5396799e-01   1.8281400e-01  -3.2274860e-01   3.9713073e-01
  -5.0756640e-02   3.8786204e-01  -3.2446714e-01   1.8426535e-01  -1.6002030e-01   1.8432025e-01  -3.2463237e-01   3.8794103e-01
  -1.8147686e-02   3.7653993e-01  -3.2423538e-01   1.8417238e-01  -1.6468331e-01   1.8422480e-01  -3.2439291e-01   3.7660613e-01
   1.4921394e-02   3.6318397e-01  -3.2193809e-01   1.8253858e-01  -1.6792955e-01   1.8258800e-01  -3.2208510e-01   3.6323937e-01
   4.8202348e-02   3.4791132e-01  -3.1764195e-01   1.7943399e-01  -1.6974283e-01   1.7948108e-01  -3.1777727e-01   3.4796073e-01
   8.1442481e-02   3.3085219e-01  -3.1143050e-01   1.7494402e-01  -1.7012160e-01   1.7498935e-01  -3.1155524e-01   3.3089891e-01
   1.1438882e-01   3.1213767e-01  -3.0338840e-01   1.6915512e-01  -1.6906534e-01   1.6919909e-01  -3.0350601e-01   3.1218319e-01
   1.4679223e-01   2.9190278e-01  -2.9360717e-01   1.6215711e-01  -1.6658099e-01   1.6220006e-01  -2.9372176e-01   2.9194700e-01
   1.7841213e-01   2.7029132e-01  -2.8219356e-01   1.5404744e-01  -1.6269216e-01   1.5408985e-01  -2.8230627e-01   2.7033299e-01
   2.0900910e-01   2.4744827e-01  -2.6925638e-01   1.4492459e-01  -1.5742473e-01   1.4496709e-01  -2.6936488e-01   2.4748505e-01
   2.3834970e-01   2.2351884e-01  -2.5490539e-01   1.3489011e-01  -1.5081165e-01   1.3493326e-01  -2.5500482e-01   2.2354791e-01
   2.6622425e-01   1.9864908e-01  -2.3925417e-01   1.2405804e-01  -1.4291425e-01   1.2410122e-01  -2.3934078e-01   1.9866962e-01
   2.9242908e-01   1.7298531e-01  -2.2241728e-01   1.1254549e-01  -1.3380092e-01   1.1258664e-01  -2.2248935e-01   1.7299904e-01
   3.1676412e-01   1.4667346e-01  -2.0451005e-01   1.0046952e-01  -1.2354381e-01   1.0050542e-01  -2.0456784e-01   1.4668424e-01
   3.3905635e-01   1.1985709e-01  -1.8565382e-01   8.7946597e-02  -1.1224278e-01   8.7974798e-02  -1.8569901e-01   1.1986734e-01
   3.5914482e-01   9.2678655e-02  -1.6597260e-01   7.5092909e-02  -1.0001009e-01   7.5112686e-02  -1.6600804e-01   9.2687779e-02
   3.7687118e-01   6.5280038e-02  -1.4559055e-01   6.2024814e-02  -8.6959649e-02   6.2037075e-02  -1.4562012e-01   6.5284649e-02
   3.9211478e-01   3.7794590e-02  -1.2463351e-01   4.8860964e-02  -7.3228788e-02   4.8867454e-02  -1.2465976e-01   3.7791770e-02
   4.0478405e-01   1.0349095e-02  -1.0322868e-01   3.5721781e-02  -5.8972895e-02   3.5724464e-02  -1.0325101e-01   1.0338914e-02
   4.1478883e-01  -1.6929949e-02  -8.1503222e-02   2.2727655e-02  -4.4348083e-02   2.2728669e-02  -8.1517914e-02  -1.6944420e-02
   4.2206516e-01  -4.3920508e-02  -5.9582557e-02   9.9959849e-03  -2.9520672e-02   9.9965903e-03  -5.9584808e-02  -4.3935327e-02
   4.2658308e-01  -7.0506347e-02  -3.7589796e-02  -2.3597127e-03  -1.4670237e-02  -2.3605113e-03  -3.7576410e-02  -7.0519469e-02
   4.2831503e-01  -9.6571637e-02  -1.5647897e-02  -1.4226208e-02   2.2745710e-05  -1.4231741e-02  -1.5617459e-02  -9.6583094e-02
   4.2725325e-01  -1.2200443e-01   6.1210891e-03  -2.5495609e-02   1.4375164e-02  -2.5509714e-02   6.1679735e-03  -1.2201583e-01
   4.2343423e-01  -1.4670142e-01   2.7597134e-02  -3.6071935e-02   2.8198028e-02  -3.6094877e-02   2.7657316e-02  -1.4671482e-01
   4.1690040e-01  -1.7056048e-01   4.8660482e-02  -4.5860819e-02   4.1301549e-02  -4.5888736e-02   4.8728198e-02  -1.7057823e-01
   4.0770431e-01  -1.9348241e-01   6.9191198e-02  -5.4771411e-02   5.3501133e-02  -5.4797715e-02   6.9259384e-02  -1.9350663e-01
   3.9593881e-01  -2.1537967e-01   8.9068623e-02  -6.2726935e-02   6.4632961e-02  -6.2747922e-02   8.9134185e-02  -2.1541011e-01
   3.8170683e-01  -2.3616764e-01   1.0817192e-01  -6.9654134e-02   7.4538407e-02  -6.9670381e-02   1.0823705e-01  -2.3620116e-01
   3.6511476e-01  -2.5576200e-01   1.2638206e-01  -7.5483010e-02   8.3064282e-02  -7.5498788e-02   1.2645339e-01  -2.5579313e-01
   3.4629461e-01  -2.7408054e-01   1.4359341e-01  -8.0167653e-02   9.0097596e-02  -8.0186552e-02   1.4367589e-01  -2.7410590e-01
   3.2538982e-01  -2.9104199e-01   1.5970635e-01  -8.3672949e-02   9.5543376e-02  -8.3695922e-02   1.5980046e-01  -2.9106226e-01
   3.0254485e-01  -3.0656582e-01   1.7462173e-01  -8.5965417e-02   9.9309621e-02  -8.5990933e-02   1.7472369e-01  -3.0658546e-01
   2.7791805e-01  -3.2058230e-01   1.8824726e-01  -8.7035248e-02   1.0134758e-01  -8.7061721e-02   1.8835238e-01  -3.2060587e-01
   2.5167845e-01  -3.3303002e-01   2.0049591e-01  -8.6890859e-02   1.0164177e-01  -8.6918513e-02   2.0060112e-01  -3.3305932e-01
   2.2399555e-01  -3.4384796e-01   2.1128114e-01  -8.5541552e-02   1.0017867e-01  -8.5572424e-02   2.1138506e-01  -3.4388197e-01
   1.9504542e-01  -3.5298226e-01   2.2052942e-01  -8.3012937e-02   9.6986138e-02  -8.3048928e-02   2.2063194e-01  -3.5301891e-01
   1.6501269e-01  -3.6038832e-01   2.2818415e-01  -7.9351804e-02   9.2145878e-02  -7.9392151e-02   2.2828596e-01  -3.6042673e-01
   1.3408254e-01  -3.6602222e-01   2.3418987e-01  -7.4606410e-02   8.5743282e-02  -7.4647522e-02   2.3429244e-01  -3.6606283e-01
   1.0243717e-01  -3.6984696e-01   2.3850034e-01  -6.8835419e-02   7.7885950e-02  -6.8872267e-02   2.3860540e-01  -3.6989096e-01
   7.0252125e-02  -3.7184100e-01   2.4108975e-01  -6.2120730e-02   6.8731028e-02  -6.2149939e-02   2.4119832e-01  -3.7188904e-01
   3.7702044e-02  -3.7198493e-01   2.4193505e-01  -5.4547380e-02   5.8442368e-02  -5.4567652e-02   2.4204731e-01  -3.7203690e-01
   4.9613873e-03  -3.7026438e-01   2.4102064e-01  -4.6205290e-02   4.7192102e-02  -4.6217037e-02   2.4113576e-01  -3.7031964e-01
  -2.7796111e-02  -3.6668521e-01   2.3836069e-01  -3.7203910e-02   3.5185493e-02  -3.7207799e-02   2.3847634e-01  -3.6674339e-01
  -6.0396901e-02  -3.6125832e-01   2.3397677e-01  -2.7657571e-02   2.2636088e-02  -2.7654162e-02   2.3408899e-01  -3.6131958e-01
  -9.2669005e-02  -3.5399752e-01   2.2789336e-01  -1.7681235e-02   9.7595658e-03  -1.7671100e-02   2.2799703e-01  -3.5406222e-01
  -1.2445208e-01  -3.4493793e-01   2.2015616e-01  -7.3945256e-03  -3.2126286e-03  -7.3791272e-03   2.2024858e-01  -3.4500460e-01
  -1.5559099e-01  -3.3412421e-01   2.1082044e-01   3.0808442e-03  -1.6041986e-02   3.0987547e-03   2.1090286e-01  -3.3418868e-01
  -1.8593127e-01  -3.2160194e-01   1.9994315e-01   1.3622889e-02  -2.8491337e-02   1.3639420e-02   2.0002057e-01  -3.2165760e-01
  -2.1532812e-01  -3.0742975e-01   1.8760635e-01   2.4105693e-02  -4.0344076e-02   2.4118041e-02   1.8768354e-01  -3.0747221e-01
  -2.4364416e-01  -2.9167633e-01   1.7391141e-01   3.4400319e-02  -5.1399429e-02   3.4408477e-02   1.7398982e-01  -2.9170692e-01
  -2.7074243e-01  -2.7441097e-01   1.5896049e-01   4.4377992e-02  -6.1457649e-02   4.4384772e-02   1.5903823e-01  -2.7443677e-01
  -2.9649533e-01  -2.5571730e-01   1.4286776e-01   5.3919431e-02  -7.0343189e-02   5.3929333e-02   1.4294089e-01  -2.5574646e-01
  -3.2078735e-01  -2.3569757e-01   1.2576299e-01   6.2917681e-02  -7.7911934e-02   6.2935439e-02   1.2582716e-01  -2.3573330e-01
  -3.4350384e-01  -2.1445529e-01   1.0777699e-01   7.1266646e-02  -8.4021996e-02   7.1297117e-02   1.0782757e-01  -2.1449545e-01
  -3.6453813e-01  -1.9209738e-01   8.9048187e-02   7.8866956e-02  -8.8558192e-02   7.8913674e-02   8.9081228e-02  -1.9213707e-01
  -3.8380139e-01  -1.6873832e-01   6.9731889e-02   8.5634259e-02  -9.1464916e-02   8.5696185e-02   6.9746218e-02  -1.6877561e-01
  -4.0120719e-01  -1.4449360e-01   4.9985699e-02   9.1486234e-02  -9.2694627e-02   9.1557321e-02   4.9983222e-02  -1.4453035e-01
  -4.1667301e-01  -1.1948162e-01   2.9968684e-02   9.6346191e-02  -9.2216070e-02   9.6417042e-02   2.9953435e-02  -1.1952183e-01
  -4.3013203e-01  -9.3832190e-02   9.8457877e-03   1.0015997e-01  -9.0063148e-02   1.0022448e-01   9.8201198e-03  -9.3875746e-02
  -4.4152133e-01  -6.7678006e-02  -1.0216581e-02   1.0287904e-01  -8.6286053e-02   1.0293605e-01  -1.0252942e-02  -6.7719050e-02
  -4.5078192e-01  -4.1151807e-02  -3.0052151e-02   1.0445823e-01  -8.0942062e-02   1.0451111e-01  -3.0101616e-02  -4.1179789e-02
  -4.5788386e-01  -1.4386680e-02  -4.9495673e-02   1.0487720e-01  -7.4140824e-02   1.0493069e-01  -4.9559162e-02  -1.4394005e-02
  -4.6281023e-01   1.2484132e-02  -6.8382353e-02   1.0412672e-01  -6.6015459e-02   1.0418551e-01  -6.8457670e-02   1.2498679e-02
  -4.6554502e-01   3.9327250e-02  -8.6547976e-02   1.0219929e-01  -5.6701382e-02   1.0226788e-01  -8.6630057e-02   3.9358896e-02
  -4.6608471e-01   6.6007285e-02  -1.0383690e-01   9.9112244e-02  -4.6366663e-02   9.9192758e-02  -1.0392166e-01   6.6051389e-02
  -4.6443544e-01   9.2387299e-02  -1.2010007e-01   9.4902067e-02  -3.5204513e-02   9.4992543e-02  -1.2018740e-01   9.2444060e-02
  -4.6060399e-01   1.1833044e-01  -1.3518907e-01   8.9606138e-02  -2.3409074e-02   8.9700590e-02  -1.3528278e-01   1.1840492e-01
  -4.5461290e-01   1.4370465e-01  -1.4897346e-01   8.3277908e-02  -1.1185628e-02   8.3369835e-02  -1.4907792e-01   1.4380303e-01
  -4.4650514e-01   1.6838408e-01  -1.6134609e-01   7.5991707e-02   1.2460701e-03   7.6078651e-02  -1.6146181e-01   1.6850879e-01
  -4.3632512e-01   1.9224335e-01  -1.7220146e-01   6.7823300e-02   1.3665336e-02   6.7907138e-02  -1.7232480e-01   1.9239274e-01
  -4.2412578e-01   2.1515937e-01  -1.8144557e-01   5.8856739e-02   2.5858844e-02   5.8940956e-02  -1.8157101e-01   2.1532888e-01
  -4.0997915e-01   2.3701425e-01  -1.8901016e-01   4.9194569e-02   3.7629697e-02   4.9278173e-02  -1.8913525e-01   2.3719907e-01
  -3.9395985e-01   2.5769082e-01  -1.9483047e-01   3.8941834e-02   4.8783215e-02   3.9018534e-02  -1.9495649e-01   2.5788620e-01
  -3.7614650e-01   2.7707482e-01  -1.9885140e-01   2.8206844e-02   5.9131049e-02   2.8267077e-02  -1.9898199e-01   2.7727651e-01
  -3.5663367e-01   2.9506369e-01  -2.0105671e-01   1.7110945e-02   6.8510156e-02   1.7149994e-02  -2.0119197e-01   2.9526961e-01
  -3.3551991e-01   3.1155778e-01  -2.0143983e-01   5.7787461e-03   7.6763816e-02   5.7987716e-03  -2.0157493e-01   3.1176844e-01
  -3.1290518e-01   3.2645959e-01  -1.9999845e-01  -5.6647835e-03   8.3743104e-02  -5.6556424e-03  -2.0012457e-01   3.2667770e-01
  -2.8889965e-01   3.3968737e-01  -1.9676173e-01  -1.7092012e-02   8.9356664e-02  -1.7086254e-02  -1.9687307e-01   3.3991528e-01
  -2.6361807e-01   3.5116640e-01  -1.9177293e-01  -2.8374115e-02   9.3538946e-02  -2.8367842e-02  -1.9186982e-01   3.5140497e-01
  -2.3717603e-01   3.6082309e-01  -1.8507709e-01  -3.9382650e-02   9.6226871e-02  -3.9375482e-02  -1.8516569e-01   3.6107160e-01
  -2.0970126e-01   3.6859970e-01  -1.7674505e-01  -4.9994992e-02   9.7392579e-02  -4.9988582e-02  -1.7683194e-01   3.6885503e-01
  -1.8133088e-01   3.7445071e-01  -1.6686749e-01  -6.0092995e-02   9.7035314e-02  -6.0089880e-02  -1.6695553e-01   3.7470674e-01
  -1.5220217e-01   3.7833124e-01  -1.5553602e-01  -6.9558985e-02   9.5155900e-02  -6.9562527e-02  -1.5562429e-01   3.7857889e-01
  -1.2244959e-01   3.8020879e-01  -1.4285858e-01  -7.8289205e-02   9.1789445e-02  -7.8302261e-02  -1.4294368e-01   3.8043859e-01
  -9.2204017e-02   3.8006692e-01  -1.2896436e-01  -8.6197974e-02   8.7015597e-02  -8.6221174e-02  -1.2904202e-01   3.8027239e-01
  -6.1596068e-02   3.7789036e-01  -1.1398399e-01  -9.3200863e-02   8.0917049e-02  -9.3232501e-02  -1.1404922e-01   3.7806818e-01
  -3.0759890e-02   3.7367467e-01  -9.8053125e-02  -9.9222782e-02   7.3591619e-02  -9.9259763e-02  -9.8101163e-02   3.7382325e-01
   1.6252163e-04   3.6743967e-01  -8.1318644e-02  -1.0420947e-01   6.5170867e-02  -1.0424943e-01  -8.1347085e-02   3.6755588e-01
   3.1028114e-02   3.5920846e-01  -6.3928953e-02  -1.0810949e-01   5.5790919e-02  -1.0815106e-01  -6.3938038e-02   3.5928719e-01
   6.1695606e-02   3.4900901e-01  -4.6034591e-02  -1.1087913e-01   4.5592960e-02  -1.1092204e-01  -4.6027278e-02   3.4904433e-01
   9.2030816e-02   3.3688868e-01  -2.7794627e-02  -1.1250556e-01   3.4738422e-02  -1.1255088e-01  -2.7776891e-02   3.3687865e-01
   1.2190133e-01   3.2289970e-01  -9.3702639e-03  -1.1298370e-01   2.3393797e-02  -1.1303392e-01  -9.3511695e-03   3.2284751e-01
   1.5117552e-01   3.0709828e-01   9.0774868e-03  -1.1231218e-01   1.1725601e-02  -1.1237079e-01   9.0870804e-03   3.0701128e-01
   1.7972741e-01   2.8956989e-01   2.7389027e-02  -1.1051705e-01  -9.9488383e-05  -1.1058560e-01   2.7386028e-02   2.8945244e-01
   2.0743358e-01   2.7041311e-01   4.5405394e-02  -1.0763671e-01  -1.1914718e-02  -1.0771347e-01   4.5398764e-02   2.7026335e-01
   2.3417125e-01   2.4972716e-01   6.2968490e-02  -1.0371081e-01  -2.3553555e-02  -1.0379093e-01   6.2978293e-02   2.4953743e-01
   2.5982700e-01   2.2761930e-01   7.9933176e-02  -9.8797411e-02  -3.4852784e-02  -9.8875614e-02   7.9975989e-02   2.2738281e-01
   2.8429461e-01   2.0420301e-01   9.6164280e-02  -9.2968747e-02  -4.5651737e-02  -9.3041367e-02   9.6241972e-02   2.0391899e-01
   3.0746828e-01   1.7959232e-01   1.1152719e-01  -8.6297658e-02  -5.5790421e-02  -8.6362678e-02   1.1162687e-01   1.7926601e-01
   3.2925129e-01   1.5391601e-01   1.2589884e-01  -7.8866761e-02  -6.5132510e-02  -7.8922974e-02   1.2600209e-01   1.5355496e-01
   3.4955866e-01   1.2732205e-01   1.3917121e-01  -7.0771365e-02  -7.3572419e-02  -7.0817288e-02   1.3926611e-01   1.2693125e-01
   3.6830624e-01   9.9959688e-02   1.5123727e-01  -6.2107632e-02  -8.1006618e-02  -6.2141429e-02   1.5131916e-01   9.9541209e-02
   3.8540985e-01   7.1978165e-02   1.6198997e-01  -5.2971720e-02  -8.7331577e-02  -5.2991207e-02   1.6206150e-01   7.1531207e-02
   4.0078532e-01   4.3526731e-02   1.7132229e-01  -4.3459789e-02  -9.2443765e-02  -4.3462431e-02   1.7139340e-01   4.3047592e-02
  -4.0078532e-01  -4.3526731e-02  -1.7132229e-01   4.3459789e-02   9.2443765e-02   4.3462431e-02  -1.7139340e-01  -4.3047592e-02
  -3.8540985e-01  -7.1978165e-02  -1.6198997e-01   5.2971720e-02   8.7331577e-02   5.2991207e-02  -1.6206150e-01  -7.1531207e-02
  -3.6830624e-01  -9.9959688e-02  -1.5123727e-01   6.2107632e-02   8.1006618e-02   6.2141429e-02  -1.5131916e-01  -9.9541209e-02
  -3.4955866e-01  -1.2732205e-01  -1.3917121e-01   7.0771365e-02   7.3572419e-02   7.0817288e-02  -1.3926611e-01  -1.2693125e-01
  -3.2925129e-01  -1.5391601e-01  -1.2589884e-01   7.8866761e-02   6.5132510e-02   7.8922974e-02  -1.2600209e-01  -1.5355496e-01
  -3.0746828e-01  -1.7959232e-01  -1.1152719e-01   8.6297658e-02   5.5790421e-02   8.6362678e-02  -1.1162687e-01  -1.7926601e-01
  -2.8429461e-01  -2.0420301e-01  -9.6164280e-02   9.2968747e-02   4.5651737e-02   9.3041367e-02  -9.6241972e-02  -2.0391899e-01
  -2.5982700e-01  -2.2761930e-01  -7.9933176e-02   9.8797411e-02   3.4852784e-02   9.8875614e-02  -7.9975989e-02  -2.2738281e-01
  -2.3417125e-01  -2.4972716e-01  -6.2968490e-02   1.0371081e-01   2.3553555e-02   1.0379093e-01  -6.2978293e-02  -2.4953743e-01
  -2.0743358e-01  -2.7041311e-01  -4.5405394e-02   1.0763671e-01   1.1914718e-02   1.0771347e-01  -4.5398764e-02  -2.7026335e-01
  -1.7972741e-01  -2.8956989e-01  -2.7389027e-02   1.1051705e-01   9.9488383e-05   1.1058560e-01  -2.7386028e-02  -2.8945244e-01
  -1.5117552e-01  -3.0709828e-01  -9.0774868e-03   1.1231218e-01  -1.1725601e-02   1.1237079e-01  -9.0870804e-03  -3.0701128e-01
  -1.2190133e-01  -3.2289970e-01   9.3702639e-03   1.1298370e-01  -2.3393797e-02   1.1303392e-01   9.3511695e-03  -3.2284751e-01
  -9.2030816e-02  -3.3688868e-01   2.7794627e-02   1.1250556e-01  -3.4738422e-02   1.1255088e-01   2.7776891e-02  -3.3687865e-01
  -6.1695606e-02  -3.4900901e-01   4.6034591e-02   1.1087913e-01  -4.5592960e-02   1.1092204e-01   4.6027278e-02  -3.4904433e-01
  -3.1028114e-02  -3.5920846e-01   6.3928953e-02   1.0810949e-01  -5.5790919e-02   1.0815106e-01   6.3938038e-02  -3.5928719e-01
  -1.6252163e-04  -3.6743967e-01   8.1318644e-02   1.0420947e-01  -6.5170867e-02   1.0424943e-01   8.1347085e-02  -3.6755588e-01
   3.0759890e-02  -3.7367467e-01   9.8053125e-02   9.9222782e-02  -7.3591619e-02   9.9259763e-02   9.8101163e-02  -3.7382325e-01
   6.1596068e-02  -3.7789036e-01   1.1398399e-01   9.3200863e-02  -8.0917049e-02   9.3232501e-02   1.1404922e-01  -3.7806818e-01
   9.2204017e-02  -3.8006692e-01   1.2896436e-01   8.6197974e-02  -8.7015597e-02   8.6221174e-02   1.2904202e-01  -3.8027239e-01
   1.2244959e-01  -3.8020879e-01   1.4285858e-01   7.8289205e-02  -9.1789445e-02   7.8302261e-02   1.4294368e-01  -3.8043859e-01
   1.5220217e-01  -3.7833124e-01   1.5553602e-01   6.9558985e-02  -9.5155900e-02   6.9562527e-02   1.5562429e-01  -3.7857889e-01
   1.8133088e-01  -3.7445071e-01   1.6686749e-01   6.0092995e-02  -9.7035314e-02   6.0089880e-02   1.6695553e-01  -3.7470674e-01
   2.0970126e-01  -3.6859970e-01   1.7674505e-01   4.9994992e-02  -9.7392579e-02   4.9988582e-02   1.7683194e-01  -3.6885503e-01
   2.3717603e-01  -3.6082309e-01   1.8507709e-01   3.9382650e-02  -9.6226871e-02   3.9375482e-02   1.8516569e-01  -3.6107160e-01
   2.6361807e-01  -3.5116640e-01   1.9177293e-01   2.8374115e-02  -9.3538946e-02   2.8367842e-02   1.9186982e-01  -3.5140497e-01
   2.8889965e-01  -3.3968737e-01   1.9676173e-01   1.7092012e-02  -8.9356664e-02   1.7086254e-02   1.9687307e-01  -3.3991528e-01
   3.1290518e-01  -3.2645959e-01   1.9999845e-01   5.6647835e-03  -8.3743104e-02   5.6556424e-03   2.0012457e-01  -3.2667770e-01
   3.3551991e-01  -3.1155778e-01   2.0143983e-01  -5.7787461e-03  -7.6763816e-02  -5.7987716e-03   2.0157493e-01  -3.1176844e-01
   3.5663367e-01  -2.9506369e-01   2.0105671e-01  -1.7110945e-02  -6.8510156e-02  -1.7149994e-02   2.0119197e-01  -2.9526961e-01
   3.7614650e-01  -2.7707482e-01   1.9885140e-01  -2.8206844e-02  -5.9131049e-02  -2.8267077e-02   1.9898199e-01  -2.7727651e-01
   3.9395985e-01  -2.5769082e-01   1.9483047e-01  -3.8941834e-02  -4.8783215e-02  -3.9018534e-02   1.9495649e-01  -2.5788620e-01
   4.0997915e-01  -2.3701425e-01   1.8901016e-01  -4.9194569e-02  -3.7629697e-02  -4.9278173e-02   1.8913525e-01  -2.3719907e-01
   4.2412578e-01  -2.1515937e-01   1.8144557e-01  -5.8856739e-02  -2.5858844e-02  -5.8940956e-02   1.8157101e-01  -2.1532888e-01
   4.3632512e-01  -1.9224335e-01   1.7220146e-01  -6.7823300e-02  -1.3665336e-02  -6.7907138e-02   1.7232480e-01  -1.9239274e-01
   4.4650514e-01  -1.6838408e-01   1.6134609e-01  -7.5991707e-02  -1.2460701e-03  -7.6078651e-02   1.6146181e-01  -1.6850879e-01
   4.5461290e-01  -1.4370465e-01   1.4897346e-01  -8.3277908e-02   1.1185628e-02  -8.3369835e-02   1.4907792e-01  -1.4380303e-01
   4.6060399e-01  -1.1833044e-01   1.3518907e-01  -8.9606138e-02   2.3409074e-02  -8.9700590e-02   1.3528278e-01  -1.1840492e-01
   4.6443544e-01  -9.2387299e-02   1.2010007e-01  -9.4902067e-02   3.5204513e-02  -9.4992543e-02   1.2018740e-01  -9.2444060e-02
   4.6608471e-01  -6.6007285e-02   1.0383690e-01  -9.9112244e-02   4.6366663e-02  -9.9192758e-02   1.0392166e-01  -6.6051389e-02
   4.6554502e-01  -3.9327250e-02   8.6547976e-02  -1.0219929e-01   5.6701382e-02  -1.0226788e-01   8.6630057e-02  -3.9358896e-02
   4.6281023e-01  -1.2484132e-02   6.8382353e-02  -1.0412672e-01   6.6015459e-02  -1.0418551e-01   6.8457670e-02  -1.2498679e-02
   4.5788386e-01   1.4386680e-02   4.9495673e-02  -1.0487720e-01   7.4140824e-02  -1.0493069e-01   4.9559162e-02   1.4394005e-02
   4.5078192e-01   4.1151807e-02   3.0052151e-02  -1.0445823e-01   8.0942062e-02  -1.0451111e-01   3.0101616e-02   4.1179789e-02
   4.4152133e-01   6.7678006e-02   1.0216581e-02  -1.0287904e-01   8.6286053e-02  -1.0293605e-01   1.0252942e-02   6.7719050e-02
   4.3013203e-01   9.3832190e-02  -9.8457877e-03  -1.0015997e-01   9.0063148e-02  -1.0022448e-01  -9.8201198e-03   9.3875746e-02
   4.1667301e-01   1.1948162e-01  -2.9968684e-02  -9.6346191e-02   9.2216070e-02  -9.6417042e-02  -2.9953435e-02   1.1952183e-01
   4.0120719e-01   1.4449360e-01  -4.9985699e-02  -9.1486234e-02   9.2694627e-02  -9.1557321e-02  -4.9983222e-02   1.4453035e-01
   3.8380139e-01   1.6873832e-01  -6.9731889e-02  -8.5634259e-02   9.1464916e-02  -8.5696185e-02  -6.9746218e-02   1.6877561e-01
   3.6453813e-01   1.9209738e-01  -8.9048187e-02  -7.8866956e-02   8.8558192e-02  -7.8913674e-02  -8.9081228e-02   1.9213707e-01
   3.4350384e-01   2.1445529e-01  -1.0777699e-01  -7.1266646e-02   8.4021996e-02  -7.1297117e-02  -1.0782757e-01   2.1449545e-01
   3.2078735e-01   2.3569757e-01  -1.2576299e-01  -6.2917681e-02   7.7911934e-02  -6.2935439e-02  -1.2582716e-01   2.3573330e-01
   2.9649533e-01   2.5571730e-01  -1.4286776e-01  -5.3919431e-02   7.0343189e-02  -5.3929333e-02  -1.4294089e-01   2.5574646e-01
   2.7074243e-01   2.7441097e-01  -1.5896049e-01  -4.4377992e-02   6.1457649e-02  -4.4384772e-02  -1.5903823e-01   2.7443677e-01
   2.4364416e-01   2.9167633e-01  -1.7391141e-01  -3.4400319e-02   5.1399429e-02  -3.4408477e-02  -1.7398982e-01   2.9170692e-01
   2.1532812e-01   3.0742975e-01  -1.8760635e-01  -2.4105693e-02   4.0344076e-02  -2.4118041e-02  -1.8768354e-01   3.0747221e-01
   1.8593127e-01   3.2160194e-01  -1.9994315e-01  -1.3622889e-02   2.8491337e-02  -1.3639420e-02  -2.0002057e-01   3.2165760e-01
   1.5559099e-01   3.3412421e-01  -2.1082044e-01  -3.0808442e-03   1.6041986e-02  -3.0987547e-03  -2.1090286e-01   3.3418868e-01
   1.2445208e-01   3.4493793e-01  -2.2015616e-01   7.3945256e-03   3.2126286e-03   7.3791272e-03  -2.2024858e-01   3.4500460e-01
   9.2669005e-02   3.5399752e-01  -2.2789336e-01   1.7681235e-02  -9.7595658e-03   1.7671100e-02  -2.2799703e-01   3.5406222e-01
   6.0396901e-02   3.6125832e-01  -2.3397677e-01   2.7657571e-02  -2.2636088e-02   2.7654162e-02  -2.3408899e-01   3.6131958e-01
   2.7796111e-02   3.6668521e-01  -2.3836069e-01   3.7203910e-02  -3.5185493e-02   3.7207799e-02  -2.3847634e-01   3.6674339e-01
  -4.9613873e-03   3.7026438e-01  -2.4102064e-01   4.6205290e-02  -4.7192102e-02   4.6217037e-02  -2.4113576e-01   3.7031964e-01
  -3.7702044e-02   3.7198493e-01  -2.4193505e-01   5.4547380e-02  -5.8442368e-02   5.4567652e-02  -2.4204731e-01   3.7203690e-01
  -7.0252125e-02   3.7184100e-01  -2.4108975e-01   6.2120730e-02  -6.8731028e-02   6.2149939e-02  -2.4119832e-01   3.7188904e-01
  -1.0243717e-01   3.6984696e-01  -2.3850034e-01   6.8835419e-02  -7.7885950e-02   6.8872267e-02  -2.3860540e-01   3.6989096e-01
  -1.3408254e-01   3.6602222e-01  -2.3418987e-01   7.4606410e-02  -8.5743282e-02   7.4647522e-02  -2.3429244e-01   3.6606283e-01
  -1.6501269e-01   3.6038832e-01  -2.2818415e-01   7.9351804e-02  -9.2145878e-02   7.9392151e-02  -2.2828596e-01   3.6042673e-01
  -1.9504542e-01   3.5298226e-01  -2.2052942e-01   8.3012937e-02  -9.6986138e-02   8.3048928e-02  -2.2063194e-01   3.5301891e-01
  -2.2399555e-01   3.4384796e-01  -2.1128114e-01   8.5541552e-02  -1.0017867e-01   8.5572424e-02  -2.1138506e-01   3.4388197e-01
  -2.5167845e-01   3.3303002e-01  -2.0049591e-01   8.6890859e-02  -1.0164177e-01   8.6918513e-02  -2.0060112e-01   3.3305932e-01
  -2.7791805e-01   3.2058230e-01  -1.8824726e-01   8.7035248e-02  -1.0134758e-01   8.7061721e-02  -1.8835238e-01   3.2060587e-01
  -3.0254485e-01   3.0656582e-01  -1.7462173e-01   8.5965417e-02  -9.9309621e-02   8.5990933e-02  -1.7472369e-01   3.0658546e-01
  -3.2538982e-01   2.9104199e-01  -1.5970635e-01   8.3672949e-02  -9.5543376e-02   8.3695922e-02  -1.5980046e-01   2.9106226e-01
  -3.4629461e-01   2.7408054e-01  -1.4359341e-01   8.0167653e-02  -9.0097596e-02   8.0186552e-02  -1.4367589e-01   2.7410590e-01
  -3.6511476e-01   2.5576200e-01  -1.2638206e-01   7.5483010e-02  -8.3064282e-02   7.5498788e-02  -1.2645339e-01   2.5579313e-01
  -3.8170683e-01   2.3616764e-01  -1.0817192e-01   6.9654134e-02  -7.4538407e-02   6.9670381e-02  -1.0823705e-01   2.3620116e-01
  -3.9593881e-01   2.1537967e-01  -8.9068623e-02   6.2726935e-02  -6.4632961e-02   6.2747922e-02  -8.9134185e-02   2.1541011e-01
  -4.0770431e-01   1.9348241e-01  -6.9191198e-02   5.4771411e-02  -5.3501133e-02   5.4797715e-02  -6.9259384e-02   1.9350663e-01
  -4.1690040e-01   1.7056048e-01  -4.8660482e-02   4.5860819e-02  -4.1301549e-02   4.5888736e-02  -4.8728198e-02   1.7057823e-01
  -4.2343423e-01   1.4670142e-01  -2.7597134e-02   3.6071935e-02  -2.8198028e-02   3.6094877e-02  -2.7657316e-02   1.4671482e-01
  -4.2725325e-01   1.2200443e-01  -6.1210891e-03   2.5495609e-02  -1.4375164e-02   2.5509714e-02  -6.1679735e-03   1.2201583e-01
  -4.2831503e-01   9.6571637e-02   1.5647897e-02   1.4226208e-02  -2.2745710e-05   1.4231741e-02   1.5617459e-02   9.6583094e-02
  -4.2658308e-01   7.0506347e-02   3.7589796e-02   2.3597127e-03   1.4670237e-02   2.3605113e-03   3.7576410e-02   7.0519469e-02
  -4.2206516e-01   4.3920508e-02   5.9582557e-02  -9.9959849e-03   2.9520672e-02  -9.9965903e-03   5.9584808e-02   4.3935327e-02
  -4.1478883e-01   1.6929949e-02   8.1503222e-02  -2.2727655e-02   4.4348083e-02  -2.2728669e-02   8.1517914e-02   1.6944420e-02
  -4.0478405e-01  -1.0349095e-02   1.0322868e-01  -3.5721781e-02   5.8972895e-02  -3.5724464e-02   1.0325101e-01  -1.0338914e-02
  -3.9211478e-01  -3.7794590e-02   1.2463351e-01  -4.8860964e-02   7.3228788e-02  -4.8867454e-02   1.2465976e-01  -3.7791770e-02
  -3.7687118e-01  -6.5280038e-02   1.4559055e-01  -6.2024814e-02   8.6959649e-02  -6.2037075e-02   1.4562012e-01  -6.5284649e-02
  -3.5914482e-01  -9.2678655e-02   1.6597260e-01  -7.5092909e-02   1.0001009e-01  -7.5112686e-02   1.6600804e-01  -9.2687779e-02
  -3.3905635e-01  -1.1985709e-01   1.8565382e-01  -8.7946597e-02   1.1224278e-01  -8.7974798e-02   1.8569901e-01  -1.1986734e-01
  -3.1676412e-01  -1.4667346e-01   2.0451005e-01  -1.0046952e-01   1.2354381e-01  -1.0050542e-01   2.0456784e-01  -1.4668424e-01
  -2.9242908e-01  -1.7298531e-01   2.2241728e-01  -1.1254549e-01   1.3380092e-01  -1.1258664e-01   2.2248935e-01  -1.7299904e-01
  -2.6622425e-01  -1.9864908e-01   2.3925417e-01  -1.2405804e-01   1.4291425e-01  -1.2410122e-01   2.3934078e-01  -1.9866962e-01
  -2.3834970e-01  -2.2351884e-01   2.5490539e-01  -1.3489011e-01   1.5081165e-01  -1.3493326e-01   2.5500482e-01  -2.2354791e-01
  -2.0900910e-01  -2.4744827e-01   2.6925638e-01  -1.4492459e-01   1.5742473e-01  -1.4496709e-01   2.6936488e-01  -2.4748505e-01
  -1.7841213e-01  -2.7029132e-01   2.8219356e-01  -1.5404744e-01   1.6269216e-01  -1.5408985e-01   2.8230627e-01  -2.7033299e-01
  -1.4679223e-01  -2.9190278e-01   2.9360717e-01  -1.6215711e-01   1.6658099e-01  -1.6220006e-01   2.9372176e-01  -2.9194700e-01
  -1.1438882e-01  -3.1213767e-01   3.0338840e-01  -1.6915512e-01   1.6906534e-01  -1.6919909e-01   3.0350601e-01  -3.1218319e-01
  -8.1442481e-02  -3.3085219e-01   3.1143050e-01  -1.7494402e-01   1.7012160e-01  -1.7498935e-01   3.1155524e-01  -3.3089891e-01
  -4.8202348e-02  -3.4791132e-01   3.1764195e-01  -1.7943399e-01   1.6974283e-01  -1.7948108e-01   3.1777727e-01  -3.4796073e-01
  -1.4921394e-02  -3.6318397e-01   3.2193809e-01  -1.8253858e-01   1.6792955e-01  -1.8258800e-01   3.2208510e-01  -3.6323937e-01
   1.8147686e-02  -3.7653993e-01   3.2423538e-01  -1.8417238e-01   1.6468331e-01  -1.8422480e-01   3.2439291e-01  -3.7660613e-01
   5.0756640e-02  -3.8786204e-01   3.2446714e-01  -1.8426535e-01   1.6002030e-01  -1.8432025e-01   3.2463237e-01  -3.8794103e-01
   8.2660634e-02  -3.9704315e-01   3.2257962e-01  -1.8275923e-01   1.5396799e-01  -1.8281400e-01   3.2274860e-01  -3.9713073e-01
   1.1361511e-01  -4.0397671e-01   3.1851983e-01  -1.7959647e-01   1.4655427e-01  -1.7964640e-01   3.1868752e-01  -4.0406262e-01
   1.4338285e-01  -4.0856971e-01   3.1225048e-01  -1.7473460e-01   1.3781169e-01  -1.7477534e-01   3.1241258e-01  -4.0864373e-01
   1.7173615e-01  -4.1074668e-01   3.0375473e-01  -1.6815076e-01   1.2777890e-01  -1.6818148e-01   3.0391003e-01  -4.1080668e-01
   1.9844800e-01  -4.1043338e-01   2.9301715e-01  -1.5982344e-01   1.1649500e-01  -1.5984706e-01   2.9316769e-01  -4.1048583e-01
   2.2330237e-01  -4.0756745e-01   2.8003747e-01  -1.4974411e-01   1.0400562e-01  -1.4976513e-01   2.8018659e-01  -4.0762254e-01
   2.4610768e-01  -4.0211305e-01   2.6484912e-01  -1.3793319e-01   9.0370997e-02  -1.3795286e-01   2.6499721e-01  -4.0217380e-01
   2.6667570e-01  -3.9403788e-01   2.4749014e-01  -1.2441499e-01   7.5653365e-02  -1.2443070e-01   2.4763401e-01  -3.9409872e-01
   2.8482541e-01  -3.8331668e-01   2.2800555e-01  -1.0922186e-01   5.9915926e-02  -1.0922850e-01   2.2813952e-01  -3.8336640e-01
   3.0040474e-01  -3.6995210e-01   2.0646843e-01  -9.2418293e-02   4.3225814e-02  -9.2413755e-02   2.0658839e-01  -3.6998588e-01
   3.1326884e-01  -3.5395381e-01   1.8295889e-01  -7.4076786e-02   2.5651145e-02  -7.4063358e-02   1.8306334e-01  -3.5397620e-01
   3.2327753e-01  -3.3533586e-01   1.5756158e-01  -5.4274419e-02   7.2619641e-03  -5.4258020e-02   1.5765142e-01  -3.3535924e-01
   3.3032505e-01  -3.1414476e-01   1.3039506e-01  -3.3122035e-02  -1.1857448e-02  -3.3106583e-02   1.3047154e-01  -3.1417792e-01
   3.3432109e-01  -2.9044159e-01   1.0159303e-01  -1.0745608e-02  -3.1616427e-02  -1.0730502e-02   1.0165696e-01  -2.9048455e-01
   3.3517764e-01  -2.6428899e-01   7.1290534e-02   1.2727338e-02  -5.1923644e-02   1.2746922e-02   7.1342173e-02  -2.6433350e-01
   3.3284040e-01  -2.3577231e-01   3.9641514e-02   3.7147181e-02  -7.2678268e-02   3.7175630e-02   3.9679810e-02  -2.3580899e-01
   3.2728104e-01  -2.0499437e-01   6.8144301e-03   6.2347283e-02  -9.3772156e-02   6.2384965e-02   6.8364127e-03  -2.0501823e-01
   3.1847257e-01  -1.7205891e-01  -2.7021622e-02   8.8160243e-02  -1.1509676e-01   8.8203507e-02  -2.7020787e-02  -1.7206946e-01
   3.0641504e-01  -1.3708857e-01  -6.1687611e-02   1.1440603e-01  -1.3653512e-01   1.1445065e-01  -6.1711980e-02  -1.3708820e-01
   2.9114364e-01  -1.0023048e-01  -9.6991601e-02   1.4088821e-01  -1.5795937e-01   1.4093385e-01  -9.7041011e-02  -1.0022241e-01
   2.7269598e-01  -6.1633487e-02  -1.3274077e-01   1.6740922e-01  -1.7924088e-01   1.6745977e-01  -1.3281062e-01  -6.1621615e-02
   2.5113016e-01  -2.1458652e-02  -1.6873637e-01   1.9376907e-01  -2.0024770e-01   1.9383035e-01  -1.6882011e-01  -2.1446555e-02
   2.2654993e-01   2.0105697e-02  -2.0476650e-01   2.1976228e-01  -2.2084045e-01   2.1983709e-01  -2.0486110e-01   2.0116955e-02
   1.9906520e-01   6.2867544e-02  -2.4061746e-01   2.4518266e-01  -2.4087872e-01   2.4527007e-01  -2.4072421e-01   6.2879715e-02
   1.6879827e-01   1.0662783e-01  -2.7607529e-01   2.6982473e-01  -2.6021965e-01   2.6992076e-01  -2.7619822e-01   1.0664486e-01
   1.3592083e-01   1.5115929e-01  -3.1092507e-01   2.9348600e-01  -2.7871049e-01   2.9358615e-01  -3.1106479e-01   1.5118489e-01
   1.0061692e-01   1.9622765e-01  -3.4495158e-01   3.1596472e-01  -2.9619603e-01   3.1606463e-01  -3.4510375e-01   1.9626464e-01
   6.3077173e-02   2.4159615e-01  -3.7793904e-01   3.3706094e-01  -3.1252186e-01   3.3715658e-01  -3.7809533e-01   2.4164622e-01
   2.3540722e-02   2.8700993e-01  -4.0966721e-01   3.5658817e-01  -3.2753961e-01   3.5667737e-01  -4.0982263e-01   2.8707160e-01
  -1.7731531e-02   3.3220600e-01  -4.3991388e-01   3.7436595e-01  -3.4110362e-01   3.7444905e-01  -4.4007000e-01   3.3227370e-01
  -6.0476398e-02   3.7691990e-01  -4.6845730e-01   3.9021512e-01  -3.5306851e-01   3.9029488e-01  -4.6862185e-01   3.7698435e-01
  -1.0439791e-01   4.2086567e-01  -4.9508279e-01   4.0397593e-01  -3.6329273e-01   4.0405575e-01  -4.9526295e-01   4.2091929e-01
  -1.4917486e-01   4.6374080e-01  -5.1958113e-01   4.1550353e-01  -3.7163773e-01   4.1558610e-01  -5.1977836e-01   4.6378189e-01
  -1.9448480e-01   5.0524221e-01  -5.4174331e-01   4.2465383e-01  -3.7796531e-01   4.2474112e-01  -5.4195333e-01   5.0527498e-01
  -2.3998168e-01   5.4506174e-01  -5.6136277e-01   4.3129746e-01  -3.8214923e-01   4.3139017e-01  -5.6157909e-01   5.4509258e-01
  -2.8528883e-01   5.8288457e-01  -5.7823619e-01   4.3532413e-01  -3.8407877e-01   4.3542114e-01  -5.7845468e-01   5.8291734e-01
  -3.3002747e-01   6.1839546e-01  -5.9216046e-01   4.3662489e-01  -3.8364429e-01   4.3672317e-01  -5.9237970e-01   6.1843110e-01
  -3.7380971e-01   6.5127626e-01  -6.0293785e-01   4.3510162e-01  -3.8074412e-01   4.3519746e-01  -6.0315873e-01   6.5131404e-01
  -4.1622731e-01   6.8120238e-01  -6.1038252e-01   4.3068032e-01  -3.7529448e-01   4.3077208e-01  -6.1060748e-01   6.8124259e-01
  -4.5686927e-01   7.0784837e-01  -6.1431028e-01   4.2329029e-01  -3.6721396e-01   4.2337871e-01  -6.1454317e-01   7.0789264e-01
  -4.9532343e-01   7.3089202e-01  -6.1454237e-01   4.1286658e-01  -3.5642787e-01   4.1295431e-01  -6.1478751e-01   7.3094288e-01
  -5.3117287e-01   7.5002420e-01  -6.1092184e-01   3.9936726e-01  -3.4288835e-01   3.9945698e-01  -6.1118014e-01   7.5008312e-01
  -5.6399950e-01   7.6493903e-01  -6.0329716e-01   3.8275616e-01  -3.2655424e-01   3.8285004e-01  -6.0356517e-01   7.6500594e-01
  -5.9338771e-01   7.7533363e-01  -5.9152006e-01   3.6299980e-01  -3.0738741e-01   3.6309929e-01  -5.9179050e-01   7.7540693e-01
  -6.1893999e-01   7.8092724e-01  -5.7546599e-01   3.4008438e-01  -2.8537219e-01   3.4018838e-01  -5.7573181e-01   7.8100381e-01
  -6.4026697e-01   7.8144906e-01  -5.5502108e-01   3.1400498e-01  -2.6050295e-01   3.1410904e-01  -5.5527723e-01   7.8152426e-01
  -6.5698029e-01   7.7663000e-01  -5.3007326e-01   2.8475731e-01  -2.3277528e-01   2.8485390e-01  -5.3031671e-01   7.7669793e-01
  -6.6870584e-01   7.6622622e-01  -5.0053682e-01   2.5234661e-01  -2.0220216e-01   2.5242946e-01  -5.0076634e-01   7.6628357e-01
  -6.7508055e-01   7.5001330e-01  -4.6634639e-01   2.1678543e-01  -1.6880996e-01   2.1685283e-01  -4.6656231e-01   7.5006231e-01
  -6.7574251e-01   7.2776824e-01  -4.2743783e-01   1.7808694e-01  -1.3262579e-01   1.7814175e-01  -4.2764206e-01   7.2781669e-01
  -6.7036427e-01   6.9930486e-01  -3.8377618e-01   1.3628122e-01  -9.3691458e-02   1.3632771e-01  -3.8397092e-01   6.9936106e-01
  -6.5866319e-01   6.6448470e-01  -3.3536437e-01   9.1420371e-02  -5.2067908e-02   9.1460054e-02  -3.3555041e-01   6.6455109e-01
  -6.4035968e-01   6.2317261e-01  -2.8220794e-01   4.3557945e-02  -7.8173596e-03   4.3589323e-02  -2.8238455e-01   6.2324533e-01
  -6.1518976e-01   5.7525037e-01  -2.2432605e-01  -7.2515109e-03   3.8997860e-02  -7.2321306e-03  -2.2449007e-01   5.7532167e-01
  -5.8292428e-01   5.2063760e-01  -1.6176841e-01  -6.0951241e-02   8.8315185e-02  -6.0947917e-02  -1.6191217e-01   5.2070124e-01
  -5.4333877e-01   4.5925902e-01  -9.4588833e-02  -1.1748419e-01   1.4007202e-01  -1.1750110e-01  -9.4699867e-02   4.5931099e-01
  -4.9622427e-01   3.9105467e-01  -2.2851447e-02  -1.7678845e-01   1.9420289e-01  -1.7682995e-01  -2.2914553e-02   3.9109295e-01
  -4.4143367e-01   3.1602590e-01   5.3338340e-02  -2.3878263e-01   2.5063078e-01  -2.3885355e-01   5.3332919e-02   3.1604935e-01
  -3.7883535e-01   2.3418935e-01   1.3386480e-01  -3.0338051e-01   3.0927582e-01  -3.0348620e-01   1.3391933e-01   2.3419747e-01
  -3.0830800e-01   1.4557071e-01   2.1860541e-01  -3.7049229e-01   3.7005527e-01  -3.7063762e-01   2.1871491e-01   1.4556404e-01
  -2.2980642e-01   5.0262484e-02   3.0738741e-01  -4.4000194e-01   4.3286529e-01  -4.4018364e-01   3.0754141e-01   5.0245541e-02
  -1.4331953e-01  -5.1612907e-02   4.0001550e-01  -5.1178163e-01   4.9759257e-01  -5.1198495e-01   4.0019886e-01  -5.1630250e-02
  -4.8838784e-02  -1.5993061e-01   4.9629329e-01  -5.8570305e-01   5.6412445e-01  -5.8590288e-01   4.9648708e-01  -1.5993386e-01
   5.3608803e-02  -2.7453165e-01   5.9600955e-01  -6.6163136e-01   6.3235837e-01  -6.6181013e-01   5.9620456e-01  -2.7451248e-01
   1.6396886e-01  -3.9523079e-01   6.9894162e-01  -7.3942666e-01   7.0219957e-01  -7.3958810e-01   6.9914876e-01  -3.9519533e-01
   2.8218472e-01  -5.2184106e-01   8.0486604e-01  -8.1894857e-01   7.7355304e-01  -8.1911760e-01   8.0511614e-01  -5.2180978e-01
   4.0813838e-01  -6.5413385e-01   9.1353999e-01  -9.0004286e-01   8.4630707e-01  -9.0024891e-01   9.1386574e-01  -6.5412858e-01
   5.4163213e-01  -7.9182646e-01   1.0246955e+00  -9.8253732e-01   9.2032824e-01  -9.8279253e-01   1.0251081e+00  -7.9185361e-01
   6.8246280e-01  -9.3463249e-01   1.1380630e+00  -1.0662585e+00   9.9548165e-01  -1.0665563e+00   1.1385503e+00  -9.3468191e-01
   8.3039739e-01  -1.0822417e+00   1.2533606e+00  -1.1510229e+00   1.0716256e+00  -1.1513472e+00   1.2539000e+00  -1.0822962e+00
   9.8513644e-01  -1.2342909e+00   1.3702799e+00  -1.2366243e+00   1.1486033e+00  -1.2369703e+00   1.3708649e+00  -1.2343473e+00
   1.1463715e+00  -1.3904096e+00   1.4885087e+00  -1.3228537e+00   1.2262557e+00  -1.3232303e+00   1.4891529e+00  -1.3904817e+00
   1.3137681e+00  -1.5502124e+00   1.6077302e+00  -1.4094975e+00   1.3044168e+00  -1.4099225e+00   1.6084603e+00  -1.5503241e+00
   1.4868888e+00  -1.7132540e+00   1.7276101e+00  -1.4963244e+00   1.3828909e+00  -1.4968053e+00   1.7284354e+00  -1.7134127e+00
   1.6652699e+00  -1.8790739e+00   1.8478093e+00  -1.5830986e+00   1.4614753e+00  -1.5836275e+00   1.8487152e+00  -1.8792637e+00
   1.8484379e+00  -2.0472040e+00   1.9679848e+00  -1.6695816e+00   1.5399642e+00  -1.6701377e+00   1.9689362e+00  -2.0473896e+00
   2.0358437e+00  -2.2171176e+00   2.0877647e+00  -1.7555142e+00   1.6181309e+00  -1.7560828e+00   2.0887346e+00  -2.2172739e+00
   2.2269046e+00  -2.3882616e+00   2.2067639e+00  -1.8406277e+00   1.6957388e+00  -1.8412086e+00   2.2077460e+00  -2.3883869e+00
   2.4210320e+00  -2.5600798e+00   2.3245961e+00  -1.9246527e+00   1.7725496e+00  -1.9252595e+00   2.3256044e+00  -2.5601944e+00
   2.6175509e+00  -2.7319670e+00   2.4408612e+00  -2.0073094e+00   1.8482972e+00  -2.0079541e+00   2.4419132e+00  -2.7320941e+00
   2.8157196e+00  -2.9032800e+00   2.5551481e+00  -2.0883093e+00   1.9226936e+00  -2.0889917e+00   2.5562529e+00  -2.9034311e+00
   3.0147935e+00  -3.0733741e+00   2.6670444e+00  -2.1673633e+00   1.9954498e+00  -2.1680702e+00   2.6682023e+00  -3.0735482e+00
   3.2139689e+00  -3.2415650e+00   2.7761073e+00  -2.2441508e+00   2.0662453e+00  -2.2448656e+00   2.7773142e+00  -3.2417560e+00
   3.4123659e+00  -3.4071173e+00   2.8818535e+00  -2.3183112e+00   2.1347191e+00  -2.3190248e+00   2.8831067e+00  -3.4073226e+00
   3.6090996e+00  -3.5692922e+00   2.9837974e+00  -2.3894809e+00   2.2005075e+00  -2.3901932e+00   2.9850959e+00  -3.5695137e+00
   3.8032684e+00  -3.7273507e+00   3.0814768e+00  -2.4573295e+00   2.2632798e+00  -2.4580479e+00   3.0828223e+00  -3.7275927e+00
   3.9939339e+00  -3.8805535e+00   3.1744823e+00  -2.5216003e+00   2.3227789e+00  -2.5223377e+00   3.1758809e+00  -3.8808189e+00
   4.1801528e+00  -4.0281611e+00   3.2624114e+00  -2.5820462e+00   2.3787577e+00  -2.5828211e+00   3.2638742e+00  -4.0284512e+00
   4.3609391e+00  -4.1693930e+00   3.3448072e+00  -2.6383543e+00   2.4308979e+00  -2.6391864e+00   3.3463463e+00  -4.1697072e+00
   4.5351374e+00  -4.3033042e+00   3.4209956e+00  -2.6899480e+00   2.4785969e+00  -2.6908416e+00   3.4226094e+00  -4.3036412e+00
   4.7015500e+00  -4.4289087e+00   3.4902479e+00  -2.7361844e+00   2.5211808e+00  -2.7371246e+00   3.4919174e+00  -4.4292666e+00
   4.8590266e+00  -4.5452879e+00   3.5519360e+00  -2.7765413e+00   2.5581047e+00  -2.7774968e+00   3.5536279e+00  -4.5456639e+00
   5.0067704e+00  -4.6520211e+00   3.6061762e+00  -2.8113865e+00   2.5897763e+00  -2.8123312e+00   3.6078642e+00  -4.6524104e+00
   5.1441427e+00  -4.7489106e+00   3.6534182e+00  -2.8414869e+00   2.6170298e+00  -2.8424095e+00   3.6550926e+00  -4.7493061e+00
   5.2704131e+00  -4.8356417e+00   3.6939466e+00  -2.8674147e+00   2.6404980e+00  -2.8683182e+00   3.6956136e+00  -4.8360343e+00
   5.3834648e+00  -4.9101330e+00   3.7255531e+00  -2.8868029e+00   2.6577673e+00  -2.8876915e+00   3.7272183e+00  -4.9105137e+00
   5.4801140e+00  -4.9689426e+00   3.7441099e+00  -2.8950215e+00   2.6640788e+00  -2.8958912e+00   3.7457660e+00  -4.9693050e+00
   5.5572551e+00  -5.0087295e+00   3.7456292e+00  -2.8876033e+00   2.6548423e+00  -2.8884415e+00   3.7472563e+00  -5.0090696e+00
   5.6158869e+00  -5.0314183e+00   3.7334820e+00  -2.8686585e+00   2.6343679e+00  -2.8694594e+00   3.7350664e+00  -5.0317399e+00
   5.6623402e+00  -5.0457749e+00   3.7205981e+00  -2.8534407e+00   2.6185277e+00  -2.8542239e+00   3.7221576e+00  -5.0460955e+00
   5.7032531e+00  -5.0609586e+00   3.7204579e+00  -2.8578445e+00   2.6238595e+00  -2.8586566e+00   3.7220428e+00  -5.0613104e+00
   5.7347962e+00  -5.0727207e+00   3.7277683e+00  -2.8758668e+00   2.6442098e+00  -2.8767623e+00   3.7294405e+00  -5.0731424e+00
   5.7297869e+00  -5.0468965e+00   3.6953496e+00  -2.8526481e+00   2.6227990e+00  -2.8536466e+00   3.6971358e+00  -5.0474168e+00
   5.6578828e+00  -4.9452734e+00   3.5703549e+00  -2.7267179e+00   2.4959970e+00  -2.7277985e+00   3.5722398e+00  -4.9459082e+00
   5.4997882e+00  -4.7430556e+00   3.3179150e+00  -2.4573620e+00   2.2216368e+00  -2.4584679e+00   3.3198412e+00  -4.7438009e+00
   5.2803947e+00  -4.4691133e+00   2.9750713e+00  -2.0868914e+00   1.8434025e+00  -2.0879479e+00   2.9769379e+00  -4.4699156e+00
   5.0356407e+00  -4.1657335e+00   2.5968431e+00  -1.6783731e+00   1.4264411e+00  -1.6792922e+00   2.5985053e+00  -4.1664826e+00
   4.7982082e+00  -3.8715727e+00   2.2337325e+00  -1.2897311e+00   1.0306003e+00  -1.2904271e+00   2.2350294e+00  -3.8721253e+00
   4.5767134e+00  -3.5984569e+00   1.9028589e+00  -9.4087963e-01   6.7656113e-01  -9.4138109e-01   1.9038165e+00  -3.5988112e+00
   4.3689856e+00  -3.3461867e+00   1.6063791e+00  -6.3469676e-01   3.6745023e-01  -6.3519744e-01   1.6073014e+00  -3.3465611e+00
   4.1727310e+00  -3.1142902e+00   1.3459430e+00  -3.7344246e-01   1.0574459e-01  -3.7428598e-01   1.3473875e+00  -3.1151041e+00
   3.9845693e+00  -2.8990664e+00   1.1166708e+00  -1.5133086e-01  -1.1456071e-01  -1.5278095e-01   1.1190757e+00  -2.9006539e+00
   3.8002842e+00  -2.6943291e+00   9.0865614e-01   4.3617593e-02  -3.0599993e-01   4.1554035e-02   9.1205338e-01  -2.6967179e+00
   3.6157121e+00  -2.4939320e+00   7.1202889e-01   2.2333367e-01  -4.8105243e-01   2.2090632e-01   7.1604388e-01  -2.4968433e+00
   3.4295735e+00  -2.2957781e+00   5.2335946e-01   3.9165757e-01  -6.4353224e-01   3.8918582e-01   5.2749382e-01  -2.2988355e+00
   3.2443357e+00  -2.1030302e+00   3.4758459e-01   5.4191953e-01  -7.8599693e-01   5.3954982e-01   3.5158325e-01  -2.1060309e+00
   3.0627090e+00  -1.9191983e+00   1.9019558e-01   6.6675714e-01  -9.0026429e-01   6.6444716e-01   1.9407072e-01  -1.9221310e+00
   2.8858842e+00  -1.7468849e+00   5.5709534e-02   7.6087377e-01  -9.8081164e-01   7.5849157e-01   5.9612556e-02  -1.7498421e+00
   2.7116607e+00  -1.5866683e+00  -5.3529933e-02   8.2358174e-01  -1.0280500e+00   8.2112683e-01  -4.9594123e-02  -1.5896506e+00
   2.5373792e+00  -1.4388524e+00  -1.3547331e-01   8.5481701e-01  -1.0431933e+00   8.5245026e-01  -1.3168495e-01  -1.4417424e+00
   2.3611022e+00  -1.3028904e+00  -1.9008814e-01   8.5576765e-01  -1.0281365e+00   8.5372888e-01  -1.8671846e-01  -1.3055104e+00
   2.1837789e+00  -1.1748320e+00  -2.2541029e-01   8.3263009e-01  -9.8749832e-01   8.3090856e-01  -2.2244484e-01  -1.1771767e+00
   2.0070803e+00  -1.0498757e+00  -2.5149266e-01   7.9285286e-01  -9.2657858e-01   7.9110487e-01  -2.4853718e-01  -1.0521699e+00
   1.8325682e+00  -9.2388251e-01  -2.7716604e-01   7.4310116e-01  -8.5023126e-01   7.4072762e-01  -2.7353670e-01  -9.2652749e-01
   1.6610005e+00  -7.9760801e-01  -3.0222869e-01   6.8425080e-01  -7.6001533e-01   6.8097064e-01  -2.9761922e-01  -8.0078192e-01
   1.4927741e+00  -6.7400171e-01  -3.2243050e-01   6.1458278e-01  -6.5601296e-01   6.1068991e-01  -3.1721123e-01  -6.7748063e-01
   1.3283940e+00  -5.5599600e-01  -3.3374573e-01   5.3272581e-01  -5.3867557e-01   5.2905008e-01  -3.2891720e-01  -5.5918103e-01
   1.1700052e+00  -4.4611276e-01  -3.3579176e-01   4.4269454e-01  -4.1408422e-01   4.3999873e-01  -3.3226994e-01  -4.4844796e-01
   1.0210158e+00  -3.4655783e-01  -3.3099042e-01   3.5264968e-01  -2.9265360e-01   3.5116538e-01  -3.2905648e-01  -3.4785194e-01
   8.8481648e-01  -2.5949986e-01  -3.2180558e-01   2.7076187e-01  -1.8478794e-01   2.7018504e-01  -3.2110060e-01  -2.5992989e-01
   7.6287715e-01  -1.8597697e-01  -3.0953199e-01   2.0143980e-01  -9.6149635e-02   2.0122428e-01  -3.0940050e-01  -1.8590718e-01
   6.5417212e-01  -1.2555874e-01  -2.9394557e-01   1.4420529e-01  -2.6241354e-02   1.4394404e-01  -2.9388191e-01  -1.2530537e-01
   5.5750870e-01  -7.7715248e-02  -2.7472206e-01   9.8252941e-02   2.5847586e-02   9.7703488e-02  -2.7440021e-01  -7.7530709e-02
   4.7164142e-01  -4.1634541e-02  -2.5181482e-01   6.2643252e-02   6.1381019e-02   6.1726671e-02  -2.5109769e-01  -4.1679000e-02
   3.9520706e-01  -1.5875399e-02  -2.2579671e-01   3.6137559e-02   8.2410714e-02   3.4936100e-02  -2.2475664e-01  -1.6153407e-02
   3.2682648e-01   1.0885438e-03  -1.9732440e-01   1.7456716e-02   9.1095053e-02   1.6213490e-02  -1.9624599e-01   7.3662150e-04
   2.6539685e-01   1.0840047e-02  -1.6724085e-01   5.2957186e-03   8.9755373e-02   4.3405583e-03  -1.6652578e-01   1.0671787e-02
   2.1092055e-01   1.5187444e-02  -1.3713426e-01  -1.7538583e-03   8.1364844e-02  -2.3009570e-03  -1.3692061e-01   1.5293384e-02
   1.6367623e-01   1.5995462e-02  -1.0877917e-01  -5.1262974e-03   6.9059595e-02  -5.4293153e-03  -1.0884622e-01   1.6232858e-02
   1.2385164e-01   1.5004881e-02  -8.3779365e-02  -6.1895700e-03   5.5767451e-02  -6.6457201e-03  -8.3610206e-02   1.5037330e-02
   9.0962493e-02   1.3040444e-02  -6.2477004e-02  -5.8215667e-03   4.2876775e-02  -6.6862648e-03  -6.1720909e-02   1.2630733e-02
   6.4223290e-02   1.0516323e-02  -4.4648755e-02  -4.6805227e-03   3.1085934e-02  -5.8992980e-03  -4.3328434e-02   9.6576827e-03
   4.2863543e-02   7.8378796e-03  -3.0073291e-02  -3.4014625e-03   2.1064272e-02  -4.6287208e-03  -2.8564540e-02   6.7429204e-03
   2.6358634e-02   5.3076673e-03  -1.8599154e-02  -2.2876120e-03   1.3095540e-02  -3.1792620e-03  -1.7311738e-02   4.2335355e-03
   1.4373216e-02   3.1490938e-03  -1.0128669e-02  -1.3867783e-03   7.1666632e-03  -1.8254951e-03  -9.2606672e-03   2.2628795e-03
   6.5698216e-03   1.5794015e-03  -4.5590699e-03  -7.3911669e-04   3.2518632e-03  -8.3685229e-04  -4.0931746e-03   9.5535960e-04
   2.3393659e-03   6.5528735e-04  -1.5358036e-03  -3.4274129e-04   1.1283219e-03  -3.1305628e-04  -1.3411370e-03   3.0141976e-04
   7.1991965e-04   2.2489482e-04  -3.7724032e-04  -1.4115357e-04   3.1726207e-04  -1.3337113e-04  -3.4161720e-04   1.1748095e-04
   7.2597272e-04   1.2242915e-04  -3.7989074e-04  -7.4205093e-05   3.2280018e-04  -1.6232723e-04  -4.1865787e-04   2.0833388e-04
   1.3720150e-03   1.8209564e-04  -8.4026554e-04  -8.1747426e-05   6.4905272e-04  -2.6445501e-04  -8.9630183e-04   3.7876923e-04
   1.6725363e-03   2.3809958e-04  -1.0548754e-03  -1.0363213e-04   8.0013621e-04  -3.0428488e-04  -1.0985919e-03   4.3357770e-04
   6.4202664e-04   1.2464628e-04  -3.2023105e-04  -7.9710774e-05   2.8016713e-04  -1.4634725e-04  -3.4957084e-04   1.7755000e-04
