  -9.2073603e-03  -1.1951790e-02  -9.4899387e-03  -9.4019358e-03  -9.4843620e-03  -9.3992159e-03  -9.4854199e-03  -1.1951363e-02
  -1.7973118e-02  -2.1030875e-02  -1.9298824e-02  -1.9939216e-02  -2.0331247e-02  -1.9933459e-02  -1.9290108e-02  -2.1030088e-02
  -2.8450151e-02  -3.2382082e-02  -3.2342412e-02  -3.4767920e-02  -3.5913409e-02  -3.4757898e-02  -3.2328215e-02  -3.2380869e-02
  -3.9959543e-02  -4.5622600e-02  -4.8505962e-02  -5.4161844e-02  -5.6672146e-02  -5.4146254e-02  -4.8485004e-02  -4.5620921e-02
  -4.8990581e-02  -5.4841982e-02  -6.4644239e-02  -7.5512499e-02  -8.0117301e-02  -7.5490797e-02  -6.4616850e-02  -5.4839973e-02
  -5.4494603e-02  -6.2408725e-02  -8.0225122e-02  -9.8290357e-02  -1.0585996e-01  -9.8262149e-02  -8.0191307e-02  -6.2406507e-02
  -5.6432195e-02  -6.7702275e-02  -9.5266929e-02  -1.2257202e-01  -1.3398229e-01  -1.2253689e-01  -9.5226656e-02  -6.7699967e-02
  -5.5076477e-02  -7.0639282e-02  -1.0972724e-01  -1.4819873e-01  -1.6426065e-01  -1.4815631e-01  -1.0968052e-01  -7.0637001e-02
  -5.0990196e-02  -7.1491632e-02  -1.2351233e-01  -1.7479026e-01  -1.9617854e-01  -1.7474028e-01  -1.2345930e-01  -7.1489488e-02
  -4.4229933e-02  -7.0390445e-02  -1.3661994e-01  -2.0214325e-01  -2.2947100e-01  -2.0208550e-01  -1.3656079e-01  -7.0388537e-02
  -3.5052058e-02  -6.7872243e-02  -1.4897434e-01  -2.2986488e-01  -2.6364076e-01  -2.2979927e-01  -1.4890937e-01  -6.7870657e-02
  -2.4350327e-02  -6.4067843e-02  -1.6036989e-01  -2.5721417e-01  -2.9770325e-01  -2.5714081e-01  -1.6029956e-01  -6.4066645e-02
  -1.2540321e-02  -5.8921378e-02  -1.7080646e-01  -2.8383414e-01  -3.3115772e-01  -2.8375325e-01  -1.7073133e-01  -5.8920640e-02
   3.5462224e-04  -5.2386606e-02  -1.8028801e-01  -3.0955422e-01  -3.6378723e-01  -3.0946609e-01  -1.8020858e-01  -5.2386387e-02
   1.3743621e-02  -4.5101014e-02  -1.8854187e-01  -3.3381000e-01  -3.9490689e-01  -3.3371502e-01  -1.8845862e-01  -4.5101331e-02
   2.7189093e-02  -3.7478555e-02  -1.9548842e-01  -3.5630574e-01  -4.2411072e-01  -3.5620435e-01  -1.9540173e-01  -3.7479356e-02
   4.0633350e-02  -2.9476631e-02  -2.0127390e-01  -3.7705915e-01  -4.5138465e-01  -3.7695176e-01  -2.0118403e-01  -2.9477815e-02
   5.3849000e-02  -2.1175636e-02  -2.0571041e-01  -3.9565115e-01  -4.7630427e-01  -3.9553827e-01  -2.0561781e-01  -2.1177096e-02
   6.6578338e-02  -1.2739483e-02  -2.0856176e-01  -4.1180943e-01  -4.9854240e-01  -4.1169172e-01  -2.0846696e-01  -1.2741164e-02
   7.8778566e-02  -4.1985578e-03  -2.0994153e-01  -4.2585003e-01  -5.1833202e-01  -4.2572808e-01  -2.0984486e-01  -4.2004712e-03
   9.0321748e-02   4.4105956e-03  -2.0993983e-01  -4.3738436e-01  -5.3539981e-01  -4.3725892e-01  -2.0984159e-01   4.4083781e-03
   1.0101006e-01   1.3005590e-02  -2.0848961e-01  -4.4564093e-01  -5.4919983e-01  -4.4551302e-01  -2.0839025e-01   1.3002993e-02
   1.1086441e-01   2.1561750e-02  -2.0534419e-01  -4.5104873e-01  -5.6012490e-01  -4.5091921e-01  -2.0524451e-01   2.1558736e-02
   1.1980803e-01   3.0060144e-02  -2.0055552e-01  -4.5407527e-01  -5.6840892e-01  -4.5394482e-01  -2.0045642e-01   3.0056749e-02
   1.2760570e-01   3.8448774e-02  -1.9422540e-01  -4.5473049e-01  -5.7376078e-01  -4.5459978e-01  -1.9412797e-01   3.8445082e-02
   1.3436902e-01   4.6710536e-02  -1.8609937e-01  -4.5271541e-01  -5.7618288e-01  -4.5258519e-01  -1.8600495e-01   4.6706650e-02
   1.4009436e-01   5.4828786e-02  -1.7600100e-01  -4.4834611e-01  -5.7612143e-01  -4.4821704e-01  -1.7591094e-01   5.4824777e-02
   1.4440093e-01   6.2753311e-02  -1.6427831e-01  -4.4162758e-01  -5.7364067e-01  -4.4150033e-01  -1.6419348e-01   6.2749212e-02
   1.4725524e-01   7.0466511e-02  -1.5095808e-01  -4.3213874e-01  -5.6849391e-01  -4.3201412e-01  -1.5087932e-01   7.0462305e-02
   1.4891864e-01   7.7953188e-02  -1.3586006e-01  -4.1947322e-01  -5.6065177e-01  -4.1935214e-01  -1.3578840e-01   7.7948839e-02
   1.4941794e-01   8.5150251e-02  -1.1918664e-01  -4.0439185e-01  -5.5056159e-01  -4.0427500e-01  -1.1912299e-01   8.5145732e-02
   1.4863273e-01   9.2026925e-02  -1.0105608e-01  -3.8730056e-01  -5.3837655e-01  -3.8718853e-01  -1.0100106e-01   9.2022244e-02
   1.4657093e-01   9.8577264e-02  -8.1401307e-02  -3.6791603e-01  -5.2381960e-01  -3.6780950e-01  -8.1355479e-02   9.8572466e-02
   1.4329265e-01   1.0472117e-01  -6.0412742e-02  -3.4643871e-01  -5.0723211e-01  -3.4633827e-01  -6.0376483e-02   1.0471635e-01
   1.3874040e-01   1.1039861e-01  -3.8312641e-02  -3.2321179e-01  -4.8902169e-01  -3.2311788e-01  -3.8286273e-02   1.1039389e-01
   1.3262898e-01   1.1563285e-01  -1.5125995e-02  -2.9819399e-01  -4.6911678e-01  -2.9810698e-01  -1.5109942e-02   1.1562833e-01
   1.2510961e-01   1.2032691e-01   8.9442830e-03  -2.7154027e-01  -4.4760170e-01  -2.7146051e-01   8.9495072e-03   1.2032264e-01
   1.1654592e-01   1.2433665e-01   3.3572078e-02  -2.4360749e-01  -4.2478872e-01  -2.4353536e-01   3.3565996e-02   1.2433266e-01
   1.0690184e-01   1.2772488e-01   5.8654465e-02  -2.1446946e-01  -4.0071551e-01  -2.1440545e-01   5.8636631e-02   1.2772115e-01
   9.6154513e-02   1.3046423e-01   8.3974506e-02  -1.8425623e-01  -3.7542390e-01  -1.8420090e-01   8.3944660e-02   1.3046073e-01
   8.4587091e-02   1.3237925e-01   1.0911002e-01  -1.5332246e-01  -3.4914645e-01  -1.5327622e-01   1.0906794e-01   1.3237591e-01
   7.2272596e-02   1.3344301e-01   1.3390955e-01  -1.2180768e-01  -3.2195546e-01  -1.2177075e-01   1.3385374e-01   1.3343979e-01
   5.9268154e-02   1.3374451e-01   1.5816953e-01  -8.9830254e-02  -2.9387272e-01  -8.9802740e-02   1.5809968e-01   1.3374147e-01
   4.5860616e-02   1.3327101e-01   1.8138944e-01  -5.7719440e-02  -2.6505412e-01  -5.7701497e-02   1.8130979e-01   1.3326852e-01
   3.2197502e-02   1.3189197e-01   2.0339707e-01  -2.5651986e-02  -2.3557139e-01  -2.5644217e-02   2.0331915e-01   1.3189244e-01
   1.8368922e-02   1.2957955e-01   2.2407721e-01   6.2739317e-03  -2.0544146e-01   6.2707598e-03   2.2401345e-01   1.2958660e-01
   4.6608819e-03   1.2640821e-01   2.4289120e-01   3.7777951e-02  -1.7477580e-01   3.7763505e-02   2.4284694e-01   1.2642451e-01
  -8.7355046e-03   1.2234622e-01   2.5971941e-01   6.8666701e-02  -1.4365668e-01   6.8641604e-02   2.5968801e-01   1.2237076e-01
  -2.1748965e-02   1.1724084e-01   2.7469707e-01   9.8877539e-02  -1.1211170e-01   9.8843117e-02   2.7466488e-01   1.1726960e-01
  -3.4115118e-02   1.1123100e-01   2.8713638e-01   1.2819313e-01  -8.0238944e-02   1.2815112e-01   2.8708682e-01   1.1125810e-01
  -4.5606090e-02   1.0447235e-01   2.9636921e-01   1.5640804e-01  -4.8133179e-02   1.5635983e-01   2.9629166e-01   1.0449297e-01
  -5.6227689e-02   9.6907512e-02   3.0291127e-01   1.8349880e-01  -1.5822364e-02   1.8344503e-01   3.0280393e-01   9.6919151e-02
  -6.5760779e-02   8.8584691e-02   3.0701622e-01   2.0931864e-01   1.6593970e-02   2.0925909e-01   3.0688831e-01   8.8588744e-02
  -7.3894052e-02   7.9669441e-02   3.0861755e-01   2.3365257e-01   4.8972004e-02   2.3358678e-01   3.0848105e-01   7.9669638e-02
  -8.0759582e-02   7.0183557e-02   3.0749222e-01   2.5652298e-01   8.1261136e-02   2.5645065e-01   3.0735522e-01   7.0183399e-02
  -8.6320515e-02   6.0185188e-02   3.0398216e-01   2.7786278e-01   1.1334133e-01   2.7778418e-01   3.0384633e-01   6.0185902e-02
  -9.0231962e-02   4.9854771e-02   2.9806481e-01   2.9743429e-01   1.4499998e-01   2.9734996e-01   2.9793144e-01   4.9856194e-02
  -9.2533273e-02   3.9259927e-02   2.8922582e-01   3.1530814e-01   1.7616354e-01   3.1521860e-01   2.8909635e-01   3.9261530e-02
  -9.3477597e-02   2.8465851e-02   2.7730644e-01   3.3149893e-01   2.0672384e-01   3.3140463e-01   2.7718226e-01   2.8467493e-02
  -9.3079465e-02   1.7656605e-02   2.6324038e-01   3.4571210e-01   2.3641493e-01   3.4561355e-01   2.6312245e-01   1.7658149e-02
  -9.1210898e-02   6.9242664e-03   2.4730758e-01   3.5811127e-01   2.6513374e-01   3.5800900e-01   2.4719667e-01   6.9255117e-03
  -8.7961590e-02  -3.6713602e-03   2.2926563e-01   3.6882636e-01   2.9280838e-01   3.6872087e-01   2.2916254e-01  -3.6705985e-03
  -8.3486276e-02  -1.3950530e-02   2.0954822e-01   3.7733203e-01   3.1914834e-01   3.7722403e-01   2.0945351e-01  -1.3950353e-02
  -7.7788984e-02  -2.3804185e-02   1.8849365e-01   3.8342950e-01   3.4400741e-01   3.8331975e-01   1.8840776e-01  -2.3804575e-02
  -7.0716758e-02  -3.3201681e-02   1.6610421e-01   3.8761837e-01   3.6738890e-01   3.8750743e-01   1.6602758e-01  -3.3202538e-02
  -6.2565201e-02  -4.1974076e-02   1.4269180e-01   3.9004358e-01   3.8901629e-01   3.8993196e-01   1.4262485e-01  -4.1975248e-02
  -5.3649799e-02  -4.9991006e-02   1.1861995e-01   3.9064049e-01   4.0868001e-01   3.9052871e-01   1.1856299e-01  -4.9992363e-02
  -4.3964752e-02  -5.7293991e-02   9.3983706e-02   3.8935110e-01   4.2651247e-01   3.8923965e-01   9.3937022e-02  -5.7295475e-02
  -3.3619709e-02  -6.3722550e-02   6.9019928e-02   3.8633345e-01   4.4227914e-01   3.8622280e-01   6.8983732e-02  -6.3724189e-02
  -2.2885031e-02  -6.9019577e-02   4.4090783e-02   3.8150223e-01   4.5559397e-01   3.8139284e-01   4.4065179e-02  -6.9021424e-02
  -1.1838368e-02  -7.3286709e-02   1.9318024e-02   3.7437388e-01   4.6674693e-01   3.7426636e-01   1.9303094e-02  -7.3288796e-02
  -5.9176783e-04  -7.6562476e-02  -5.1235954e-03   3.6494211e-01   4.7572966e-01   3.6483704e-01  -5.1278580e-03  -7.6564780e-02
   1.0595702e-02  -7.8693726e-02  -2.8887843e-02   3.5381838e-01   4.8203070e-01   3.5371582e-01  -2.8880318e-02  -7.8696130e-02
   2.1627829e-02  -7.9615831e-02  -5.1861853e-02   3.4098544e-01   4.8573579e-01   3.4088320e-01  -5.1833792e-02  -7.9617866e-02
   3.2407602e-02  -7.9459557e-02  -7.3939280e-02   3.2620081e-01   4.8725102e-01   3.2609849e-01  -7.3887898e-02  -7.9461063e-02
   4.2680825e-02  -7.8230758e-02  -9.4804671e-02   3.0975620e-01   4.8658996e-01   3.0966061e-01  -9.4751297e-02  -7.8232936e-02
   5.2367274e-02  -7.5783426e-02  -1.1438366e-01   2.9170833e-01   4.8345869e-01   2.9164399e-01  -1.1438985e-01  -7.5794962e-02
   6.1418825e-02  -7.2059062e-02  -1.3265909e-01   2.7195376e-01   4.7791597e-01   2.7195182e-01  -1.3279137e-01  -7.2092783e-02
   6.9567839e-02  -6.7244572e-02  -1.4931995e-01   2.5070392e-01   4.7017773e-01   2.5078433e-01  -1.4960509e-01  -6.7309796e-02
   7.6747768e-02  -6.1372674e-02  -1.6426586e-01   2.2810491e-01   4.6024922e-01   2.2825628e-01  -1.6466299e-01  -6.1465631e-02
   8.3034023e-02  -5.4277797e-02  -1.7760275e-01   2.0413718e-01   4.4783710e-01   2.0432272e-01  -1.7803009e-01  -5.4383870e-02
   8.8112906e-02  -4.6120758e-02  -1.8903250e-01   1.7897249e-01   4.3337722e-01   1.7914127e-01  -1.8938859e-01  -4.6218809e-02
   9.1680534e-02  -3.7113055e-02  -1.9831893e-01   1.5279437e-01   4.1726757e-01   1.5290759e-01  -1.9853460e-01  -3.7186119e-02
   9.3987318e-02  -2.7236355e-02  -2.0577779e-01   1.2561776e-01   3.9931612e-01   1.2566017e-01  -2.0583719e-01  -2.7276031e-02
   9.5168269e-02  -1.6598624e-02  -2.1142169e-01   9.7572265e-02   3.7949436e-01   9.7560609e-02  -2.1137210e-01  -1.6610456e-02
   9.5198081e-02  -5.4275592e-03  -2.1501684e-01   6.8885336e-02   3.5808897e-01   6.8851236e-02  -2.1492109e-01  -5.4250761e-03
   9.3964075e-02   6.2284774e-03  -2.1665308e-01   3.9630534e-02   3.3512064e-01   3.9601465e-02  -2.1655314e-01   6.2329461e-03
   9.1620419e-02   1.8284905e-02  -2.1658254e-01   9.9473098e-03   3.1068764e-01   9.9322916e-03  -2.1648434e-01   1.8287251e-02
   8.8166673e-02   3.0511884e-02  -2.1480959e-01  -1.9890753e-02   2.8511295e-01  -1.9892909e-02  -2.1471317e-01   3.0512662e-02
   8.3381806e-02   4.2819956e-02  -2.1112928e-01  -4.9774628e-02   2.5849127e-01  -4.9767663e-02  -2.1103354e-01   4.2820835e-02
   7.7204585e-02   5.5106979e-02  -2.0562353e-01  -7.9585218e-02   2.3085922e-01  -7.9569710e-02  -2.0552882e-01   5.5108115e-02
   7.0089877e-02   6.7118275e-02  -1.9857822e-01  -1.0903114e-01   2.0245563e-01  -1.0900720e-01  -1.9848520e-01   6.7119598e-02
   6.2195456e-02   7.8746437e-02  -1.8996631e-01  -1.3797329e-01   1.7340365e-01  -1.3794106e-01  -1.8987571e-01   7.8747892e-02
   5.3450387e-02   8.9916006e-02  -1.7962828e-01  -1.6631663e-01   1.4375123e-01  -1.6627620e-01  -1.7954093e-01   8.9917589e-02
   4.4094553e-02   1.0035889e-01  -1.6793485e-01  -1.9376616e-01   1.1368568e-01  -1.9371769e-01  -1.6785134e-01   1.0036072e-01
   3.4317543e-02   1.0996363e-01  -1.5511954e-01  -2.2014479e-01   8.3346027e-02  -2.2008850e-01  -1.5504040e-01   1.0996596e-01
   2.4165589e-02   1.1874050e-01  -1.4111551e-01  -2.4541018e-01   5.2779718e-02  -2.4534631e-01  -1.4104130e-01   1.1874362e-01
   1.3861331e-02   1.2639267e-01  -1.2610402e-01  -2.6928971e-01   2.2127160e-02  -2.6921862e-01  -1.2603530e-01   1.2639671e-01
   3.6352028e-03   1.3265194e-01  -1.1032231e-01  -2.9155345e-01  -8.4687047e-03  -2.9147550e-01  -1.1025951e-01   1.3265674e-01
  -6.4453481e-03   1.3767411e-01  -9.3804230e-02  -3.1224681e-01  -3.8961861e-02  -3.1216233e-01  -9.3747816e-02   1.3767943e-01
  -1.6174736e-02   1.4142794e-01  -7.6688887e-02  -3.3115121e-01  -6.9248214e-02  -3.3106058e-01  -7.6639227e-02   1.4143342e-01
  -2.5283704e-02   1.4372618e-01  -5.9217424e-02  -3.4795952e-01  -9.9181474e-02  -3.4786322e-01  -5.9174755e-02   1.4373150e-01
  -3.3766254e-02   1.4453762e-01  -4.1468094e-02  -3.6288706e-01  -1.2871722e-01  -3.6278562e-01  -4.1432606e-02   1.4454258e-01
  -4.1446518e-02   1.4401106e-01  -2.3552569e-02  -3.7577902e-01  -1.5777587e-01  -3.7567298e-01  -2.3524370e-02   1.4401566e-01
  -4.7915555e-02   1.4213632e-01  -5.7050002e-03  -3.8598987e-01  -1.8619981e-01  -3.8587987e-01  -5.6840186e-03   1.4214056e-01
  -5.3185445e-02   1.3869766e-01   1.1981678e-02  -3.9369285e-01  -2.1394468e-01  -3.9357947e-01   1.1995676e-02   1.3870136e-01
  -5.7326121e-02   1.3370101e-01   2.9421345e-02  -3.9926214e-01  -2.4095035e-01  -3.9914592e-01   2.9428577e-02   1.3370386e-01
  -6.0143747e-02   1.2743434e-01   4.6395039e-02  -4.0263256e-01  -2.6703860e-01  -4.0251420e-01   4.6395574e-02   1.2743616e-01
  -6.1485305e-02   1.1990777e-01   6.2808075e-02  -4.0359412e-01  -2.9215449e-01  -4.0347437e-01   6.2801768e-02   1.1990852e-01
  -6.1475354e-02   1.1099619e-01   7.8610602e-02  -4.0238419e-01  -3.1626453e-01  -4.0226379e-01   7.8597144e-02   1.1099595e-01
  -6.0131809e-02   1.0101075e-01   9.3604733e-02  -3.9906579e-01  -3.3916876e-01  -3.9894544e-01   9.3583713e-02   1.0100971e-01
  -5.7319796e-02   9.0160663e-02   1.0768927e-01  -3.9342543e-01  -3.6077762e-01  -3.9330574e-01   1.0766032e-01   9.0159007e-02
  -5.2886203e-02   7.8423823e-02   1.2087039e-01  -3.8509508e-01  -3.8110729e-01  -3.8497651e-01   1.2083336e-01   7.8421619e-02
  -4.7047927e-02   6.6000316e-02   1.3297696e-01  -3.7450144e-01  -3.9994745e-01  -3.7438435e-01   1.3293200e-01   6.5997496e-02
  -3.9984375e-02   5.3131653e-02   1.4388406e-01  -3.6204370e-01  -4.1714201e-01  -3.6192845e-01   1.4383155e-01   5.3128080e-02
  -3.1543958e-02   3.9878264e-02   1.5368886e-01  -3.4748626e-01  -4.3280138e-01  -3.4737329e-01   1.5362925e-01   3.9873822e-02
  -2.1859307e-02   2.6409576e-02   1.6224319e-01  -3.3089531e-01  -4.4671931e-01  -3.3078513e-01   1.6217702e-01   2.6404254e-02
  -1.1279691e-02   1.2984668e-02   1.6928152e-01  -3.1267642e-01  -4.5856667e-01  -3.1256953e-01   1.6920943e-01   1.2978557e-02
   1.5587534e-04  -3.1196007e-04   1.7497248e-01  -2.9281575e-01  -4.6858560e-01  -2.9271271e-01   1.7489504e-01  -3.1872135e-04
   1.2367569e-02  -1.3346141e-02   1.7937913e-01  -2.7132819e-01  -4.7672751e-01  -2.7122960e-01   1.7929705e-01  -1.3353377e-02
   2.5026184e-02  -2.5855699e-02   1.8230423e-01  -2.4854558e-01  -4.8249448e-01  -2.4845194e-01   1.8221856e-01  -2.5863200e-02
   3.8009955e-02  -3.7771368e-02   1.8372553e-01  -2.2455267e-01  -4.8593997e-01  -2.2446445e-01   1.8363712e-01  -3.7778969e-02
   5.1204393e-02  -4.9013059e-02   1.8383942e-01  -1.9938830e-01  -4.8740152e-01  -1.9930594e-01   1.8374887e-01  -4.9020614e-02
   6.4278303e-02  -5.9321696e-02   1.8265765e-01  -1.7333187e-01  -4.8687706e-01  -1.7325581e-01   1.8256556e-01  -5.9328992e-02
   7.7080413e-02  -6.8668692e-02   1.8001146e-01  -1.4652201e-01  -4.8409507e-01  -1.4645274e-01   1.7991837e-01  -6.8675475e-02
   8.9508139e-02  -7.7064544e-02   1.7586179e-01  -1.1901401e-01  -4.7909687e-01  -1.1895211e-01   1.7576801e-01  -7.7070556e-02
   1.0122258e-01  -8.4236960e-02   1.7040273e-01  -9.1040847e-02  -4.7202157e-01  -9.0986864e-02   1.7030875e-01  -8.4241929e-02
   1.1207181e-01  -9.0098108e-02   1.6366119e-01  -6.2774500e-02  -4.6274327e-01  -6.2728906e-02   1.6356780e-01  -9.0101794e-02
   1.2204792e-01  -9.4826988e-02   1.5544178e-01  -3.4277920e-02  -4.5086581e-01  -3.4241104e-02   1.5534998e-01  -9.4829297e-02
   1.3077239e-01  -9.8330989e-02   1.4593743e-01  -5.7429596e-03  -4.3674082e-01  -5.7152292e-03   1.4584816e-01  -9.8332033e-02
   1.3789575e-01  -1.0047541e-01   1.3537396e-01   2.2636893e-02  -4.2074305e-01   2.2655239e-02   1.3528807e-01  -1.0047540e-01
   1.4358468e-01  -1.0139849e-01   1.2368477e-01   5.0798945e-02  -4.0268797e-01   5.0807564e-02   1.2360320e-01  -1.0139753e-01
   1.4780186e-01  -1.0123337e-01   1.1093390e-01   7.8590182e-02  -3.8260953e-01   7.8588682e-02   1.1085755e-01  -1.0123152e-01
   1.5032781e-01  -9.9981701e-02   9.7338910e-02   1.0579930e-01  -3.6082601e-01   1.0578730e-01   9.7268431e-02  -9.9979032e-02
   1.5107678e-01  -9.7555616e-02   8.2926175e-02   1.3236976e-01  -3.3731651e-01   1.3234693e-01   8.2862163e-02  -9.7552135e-02
   1.5020160e-01  -9.4086128e-02   6.7764361e-02   1.5818761e-01  -3.1211198e-01   1.5815371e-01   6.7707365e-02  -9.4081830e-02
   1.4767888e-01  -8.9763873e-02   5.2080184e-02   1.8302211e-01  -2.8551141e-01   1.8297705e-01   5.2030595e-02  -8.9758954e-02
   1.4320753e-01  -8.4563552e-02   3.5955624e-02   2.0682736e-01  -2.5758594e-01   2.0677110e-01   3.5913793e-02  -8.4558456e-02
   1.3674997e-01  -7.8479672e-02   1.9469933e-02   2.2953578e-01  -2.2837536e-01   2.2946840e-01   1.9436250e-02  -7.8474858e-02
   1.2866912e-01  -7.1818712e-02   2.8560280e-03   2.5089628e-01  -1.9814770e-01   2.5081808e-01   2.8308550e-03  -7.1814421e-02
   1.1896621e-01  -6.4718446e-02  -1.3766296e-02   2.7086847e-01  -1.6703294e-01   2.7077992e-01  -1.3782682e-02  -6.4714624e-02
   1.0745716e-01  -5.7187423e-02  -3.0318570e-02   2.8945256e-01  -1.3508301e-01   2.8935423e-01  -3.0325872e-02  -5.7183838e-02
   9.4500582e-02  -4.9418823e-02  -4.6571455e-02   3.0637981e-01  -1.0252676e-01   3.0627243e-01  -4.6569226e-02  -4.9415103e-02
   8.0330913e-02  -4.1561905e-02  -6.2374295e-02   3.2159729e-01  -6.9532269e-02   3.2148163e-01  -6.2361679e-02  -4.1557724e-02
   6.4898047e-02  -3.3663457e-02  -7.7674226e-02   3.3522625e-01  -3.6159292e-02   3.3510302e-01  -7.7650242e-02  -3.3658681e-02
   4.8438004e-02  -2.5875215e-02  -9.2262008e-02   3.4696199e-01  -2.5967125e-03   3.4683193e-01  -9.2226152e-02  -2.5869988e-02
   3.1239771e-02  -1.8348067e-02  -1.0595519e-01   3.5654271e-01   3.0963167e-02   3.5640653e-01  -1.0590790e-01  -1.8342663e-02
   1.3364353e-02  -1.1116331e-02  -1.1875815e-01   3.6426247e-01   6.4456120e-02   3.6412081e-01  -1.1870051e-01  -1.1110992e-02
  -4.9843627e-03  -4.2874857e-03  -1.3050366e-01   3.7009987e-01   9.7730582e-02   3.6995358e-01  -1.3043743e-01  -4.2823905e-03
  -2.3483959e-02   1.9910913e-03  -1.4096773e-01   3.7379439e-01   1.3057662e-01   3.7364467e-01  -1.4089480e-01   1.9957571e-03
  -4.2026503e-02   7.7280631e-03  -1.5027643e-01   3.7539844e-01   1.6293012e-01   3.7524650e-01  -1.5019827e-01   7.7321275e-03
  -6.0440742e-02   1.2872018e-02  -1.5831068e-01   3.7515458e-01   1.9467348e-01   3.7500159e-01  -1.5822801e-01   1.2875344e-02
  -7.8391065e-02   1.7264510e-02  -1.6462512e-01   3.7304882e-01   2.2557670e-01   3.7289598e-01  -1.6453845e-01   1.7267006e-02
  -9.5768682e-02   2.0968678e-02  -1.6932445e-01   3.6880192e-01   2.5557731e-01   3.6865042e-01  -1.6923421e-01   2.0970293e-02
  -1.1245246e-01   2.4020651e-02  -1.7266220e-01   3.6244124e-01   2.8459195e-01   3.6229207e-01  -1.7256902e-01   2.4021419e-02
  -1.2810442e-01   2.6252994e-02  -1.7461493e-01   3.5426014e-01   3.1236645e-01   3.5411420e-01  -1.7451961e-01   2.6253063e-02
  -1.4264333e-01   2.7677541e-02  -1.7504372e-01   3.4418012e-01   3.3883200e-01   3.4403838e-01  -1.7494713e-01   2.7676958e-02
  -1.5603993e-01   2.8467540e-02  -1.7410392e-01   3.3196258e-01   3.6395549e-01   3.3182610e-01  -1.7400684e-01   2.8466185e-02
  -1.6794936e-01   2.8660159e-02  -1.7184118e-01   3.1797546e-01   3.8746148e-01   3.1784510e-01  -1.7174431e-01   2.8657859e-02
  -1.7831654e-01   2.8246831e-02  -1.6812737e-01   3.0242540e-01   4.0924833e-01   3.0230193e-01  -1.6803134e-01   2.8243517e-02
  -1.8729770e-01   2.7299440e-02  -1.6272790e-01   2.8517204e-01   4.2937232e-01   2.8505634e-01  -1.6263321e-01   2.7295135e-02
  -1.9449642e-01   2.5904075e-02  -1.5594839e-01   2.6637508e-01   4.4754277e-01   2.6626795e-01  -1.5585556e-01   2.5898910e-02
  -1.9952179e-01   2.4098385e-02  -1.4808594e-01   2.4625823e-01   4.6359541e-01   2.4616023e-01  -1.4799574e-01   2.4092529e-02
  -2.0275002e-01   2.1845244e-02  -1.3902712e-01   2.2479919e-01   4.7779048e-01   2.2471078e-01  -1.3894069e-01   2.1838879e-02
  -2.0438754e-01   1.9272214e-02  -1.2883230e-01   2.0210412e-01   4.8975702e-01   2.0202567e-01  -1.2875088e-01   1.9265426e-02
  -2.0441292e-01   1.6581218e-02  -1.1777880e-01   1.7840581e-01   4.9880204e-01   1.7833764e-01  -1.1770334e-01   1.6574021e-02
  -2.0269492e-01   1.3816603e-02  -1.0589337e-01   1.5374895e-01   5.0528500e-01   1.5369146e-01  -1.0582453e-01   1.3809077e-02
  -1.9945954e-01   1.1038994e-02  -9.3221559e-02   1.2821114e-01   5.0957076e-01   1.2816485e-01  -9.3159747e-02   1.1031372e-02
  -1.9470706e-01   8.4230834e-03  -7.9999149e-02   1.0201524e-01   5.1163374e-01   1.0198070e-01  -7.9944631e-02   8.4156695e-03
  -1.8813834e-01   5.9937871e-03  -6.6309739e-02   7.5244346e-02   5.1116456e-01   7.5222116e-02  -6.6263016e-02   5.9868844e-03
  -1.7965956e-01   3.8157353e-03  -5.2211264e-02   4.7964371e-02   5.0842007e-01   4.7954888e-02  -5.2173152e-02   3.8095146e-03
  -1.6986283e-01   2.1124006e-03  -3.7908725e-02   2.0376154e-02   5.0338650e-01   2.0379581e-02  -3.7880063e-02   2.1068520e-03
  -1.5894076e-01   9.7013467e-04  -2.3511203e-02  -7.4142903e-03   4.9560920e-01  -7.3980161e-03  -2.3492656e-02   9.6534434e-04
  -1.4676608e-01   3.4001049e-04  -9.0763722e-03  -3.5347747e-02   4.8466934e-01  -3.5318811e-02  -9.0682988e-03   3.3624491e-04
  -1.3361138e-01   2.4821856e-04   5.2210728e-03  -6.3247123e-02   4.7125620e-01  -6.3205860e-02   5.2186799e-03   2.4581141e-04
  -1.1969284e-01   8.0377844e-04   1.9259293e-02  -9.0987292e-02   4.5569835e-01  -9.0934024e-02   1.9246539e-02   8.0302036e-04
  -1.0503551e-01   2.0705885e-03   3.2995804e-02  -1.1851737e-01   4.3765346e-01  -1.1845233e-01   3.2972728e-02   2.0717537e-03
  -8.9867592e-02   4.0431514e-03   4.6288764e-02  -1.4567938e-01   4.1733265e-01  -1.4560283e-01   4.6255524e-02   4.0463437e-03
  -7.4442963e-02   6.7683026e-03   5.9006656e-02  -1.7232195e-01   3.9508485e-01  -1.7223433e-01   5.8963734e-02   6.7733696e-03
  -5.8838424e-02   1.0432555e-02   7.1134954e-02  -1.9840535e-01   3.7082839e-01  -1.9830720e-01   7.1083040e-02   1.0439072e-02
  -4.3245975e-02   1.4979803e-02   8.2570242e-02  -2.2378693e-01   3.4470618e-01  -2.2367900e-01   8.2510084e-02   1.4987387e-02
  -2.7941493e-02   2.0231530e-02   9.3165901e-02  -2.4827214e-01   3.1709216e-01  -2.4815535e-01   9.3098056e-02   2.0239991e-02
  -1.3007764e-02   2.6237160e-02   1.0294781e-01  -2.7183679e-01   2.8804617e-01  -2.7171203e-01   1.0287256e-01   2.6246353e-02
   1.4126817e-03   3.3013045e-02   1.1185880e-01  -2.9435881e-01   2.5768990e-01  -2.9422685e-01   1.1177619e-01   3.3022929e-02
   1.5039339e-02   4.0386383e-02   1.1971826e-01  -3.1557471e-01   2.2639702e-01  -3.1543618e-01   1.1962833e-01   4.0397214e-02
   2.7818440e-02   4.8322816e-02   1.2663580e-01  -3.3548476e-01   1.9431027e-01  -3.3534002e-01   1.2653864e-01   4.8335105e-02
   3.9686698e-02   5.6789951e-02   1.3260386e-01  -3.5400989e-01   1.6154007e-01  -3.5385929e-01   1.3249998e-01   5.6804183e-02
   5.0376762e-02   6.5595728e-02   1.3727671e-01  -3.7078447e-01   1.2841980e-01  -3.7062862e-01   1.3716736e-01   6.5612192e-02
   5.9880989e-02   7.4644568e-02   1.4065220e-01  -3.8587244e-01   9.5133389e-02  -3.8571205e-01   1.4053882e-01   7.4663245e-02
   6.8256080e-02   8.3876260e-02   1.4298513e-01  -3.9930117e-01   6.1770566e-02  -3.9913712e-01   1.4286899e-01   8.3896892e-02
   7.5257236e-02   9.3088459e-02   1.4431214e-01  -4.1048250e-01   2.8589501e-02  -4.1031622e-01   1.4419449e-01   9.3110617e-02
   8.0828657e-02   1.0214247e-01   1.4454653e-01  -4.1915610e-01  -4.2214592e-03  -4.1898919e-01   1.4442873e-01   1.0216582e-01
   8.5208761e-02   1.1098259e-01   1.4373488e-01  -4.2570252e-01  -3.6602832e-02  -4.2553606e-01   1.4361811e-01   1.1100700e-01
   8.8372687e-02   1.1941645e-01   1.4192420e-01  -4.3010866e-01  -6.8386331e-02  -4.2994335e-01   1.4180946e-01   1.1944197e-01
   9.0256590e-02   1.2727897e-01   1.3904558e-01  -4.3217566e-01  -9.9406499e-02  -4.3201206e-01   1.3893371e-01   1.2730561e-01
   9.1055419e-02   1.3456944e-01   1.3483750e-01  -4.3184222e-01  -1.2963177e-01  -4.3168110e-01   1.3472932e-01   1.3459717e-01
   9.0947742e-02   1.4112766e-01   1.2942694e-01  -4.2926214e-01  -1.5897406e-01  -4.2910423e-01   1.2932325e-01   1.4115614e-01
   8.9980964e-02   1.4672522e-01   1.2311510e-01  -4.2435791e-01  -1.8729935e-01  -4.2420404e-01   1.2301700e-01   1.4675392e-01
   8.8168919e-02   1.5144586e-01   1.1583954e-01  -4.1661251e-01  -2.1460076e-01  -4.1646393e-01   1.1574905e-01   1.5147425e-01
   8.5692816e-02   1.5526141e-01   1.0753140e-01  -4.0605652e-01  -2.4084382e-01  -4.0591458e-01   1.0745121e-01   1.5528915e-01
   8.2767451e-02   1.5793423e-01   9.8387618e-02  -3.9328696e-01  -2.6590781e-01  -3.9315237e-01   9.8320462e-02   1.5796115e-01
   7.9451973e-02   1.5948410e-01   8.8426014e-02  -3.7820843e-01  -2.8980102e-01  -3.7808167e-01   8.8374714e-02   1.5950997e-01
   7.5803202e-02   1.6008431e-01   7.7625592e-02  -3.6059167e-01  -3.1251715e-01  -3.6047330e-01   7.7592291e-02   1.6010889e-01
   7.2081563e-02   1.5974490e-01   6.6141017e-02  -3.4092562e-01  -3.3391966e-01  -3.4081609e-01   6.6126317e-02   1.5976794e-01
   6.8412963e-02   1.5837603e-01   5.4034934e-02  -3.1935499e-01  -3.5401458e-01  -3.1925473e-01   5.4038038e-02   1.5839697e-01
   6.4830387e-02   1.5603421e-01   4.1317017e-02  -2.9578160e-01  -3.7282512e-01  -2.9569112e-01   4.1336721e-02   1.5605216e-01
   6.1492210e-02   1.5283251e-01   2.8122475e-02  -2.7054970e-01  -3.9017819e-01  -2.7046949e-01   2.8157500e-02   1.5284679e-01
   5.8475099e-02   1.4877915e-01   1.4548879e-02  -2.4390691e-01  -4.0604424e-01  -2.4383738e-01   1.4598809e-02   1.4878938e-01
   5.5770777e-02   1.4376662e-01   6.2623757e-04  -2.1586653e-01  -4.2050825e-01  -2.1580804e-01   6.9154455e-04   1.4377256e-01
   5.3518657e-02   1.3798887e-01  -1.3521610e-02  -1.8670102e-01  -4.3335036e-01  -1.8665375e-01  -1.3440197e-02   1.3799049e-01
   5.1851571e-02   1.3165419e-01  -2.7766954e-02  -1.5671467e-01  -4.4444167e-01  -1.5667862e-01  -2.7669714e-02   1.3165152e-01
   5.0674751e-02   1.2475061e-01  -4.2066986e-02  -1.2598615e-01  -4.5402246e-01  -1.2596122e-01  -4.1955458e-02   1.2474358e-01
   4.9936169e-02   1.1733388e-01  -5.6307390e-02  -9.4726263e-02  -4.6184531e-01  -9.4712372e-02  -5.6184260e-02   1.1732238e-01
   4.9642734e-02   1.0956606e-01  -7.0331121e-02  -6.3255282e-02  -4.6740374e-01  -6.3252502e-02  -7.0199138e-02   1.0955010e-01
   4.9813136e-02   1.0148827e-01  -8.4092433e-02  -3.1684468e-02  -4.7095165e-01  -3.1693058e-02  -8.3953671e-02   1.0146804e-01
   5.0368901e-02   9.3147143e-02  -9.7490529e-02  -1.7170516e-04  -4.7277572e-01  -1.9197970e-04  -9.7345649e-02   9.3123012e-02
   5.1300485e-02   8.4674786e-02  -1.1033347e-01   3.0971709e-02  -4.7285455e-01   3.0939584e-02  -1.1018209e-01   8.4647140e-02
   5.2668106e-02   7.6125888e-02  -1.2258490e-01   6.1626442e-02  -4.7092592e-01   6.1582493e-02  -1.2242608e-01   7.6094948e-02
   5.4470961e-02   6.7536876e-02  -1.3416999e-01   9.1682228e-02  -4.6715098e-01   9.1626783e-02  -1.3400335e-01   6.7502710e-02
   5.6532274e-02   5.9010375e-02  -1.4484867e-01   1.2085149e-01  -4.6154061e-01   1.2078521e-01  -1.4467479e-01   5.8973048e-02
   5.8778875e-02   5.0599427e-02  -1.5461554e-01   1.4901614e-01  -4.5376823e-01   1.4893976e-01  -1.5443554e-01   5.0559079e-02
   6.1221303e-02   4.2328253e-02  -1.6345757e-01   1.7612136e-01  -4.4350116e-01   1.7603556e-01  -1.6327307e-01   4.2285237e-02
   6.3766381e-02   3.4274277e-02  -1.7103390e-01   2.0191274e-01  -4.3124177e-01   2.0181824e-01  -1.7084765e-01   3.4229267e-02
   6.6342161e-02   2.6488692e-02  -1.7719813e-01   2.2626049e-01  -4.1723079e-01   2.2615809e-01  -1.7701332e-01   2.6442556e-02
   6.8928290e-02   1.8982123e-02  -1.8212083e-01   2.4918078e-01  -4.0121324e-01   2.4907125e-01  -1.8193964e-01   1.8935718e-02
   7.1446425e-02   1.1809540e-02  -1.8569781e-01   2.7046143e-01  -3.8332338e-01   2.7034567e-01  -1.8552131e-01   1.1763734e-02
   7.3825542e-02   5.0206807e-03  -1.8773954e-01   2.8993518e-01  -3.6379382e-01   2.8981424e-01  -1.8756851e-01   4.9763516e-03
   7.6059570e-02  -1.3902611e-03  -1.8825302e-01   3.0771348e-01  -3.4254525e-01   3.0758834e-01  -1.8808945e-01  -1.4323453e-03
   7.8070778e-02  -7.3924854e-03  -1.8731925e-01   3.2363835e-01  -3.1966953e-01   3.2350995e-01  -1.8716531e-01  -7.4317816e-03
   7.9743589e-02  -1.2934500e-02  -1.8487693e-01   3.3747273e-01  -2.9542557e-01   3.3734195e-01  -1.8473470e-01  -1.2970722e-02
   8.1093270e-02  -1.8036579e-02  -1.8062447e-01   3.4952764e-01  -2.6983381e-01   3.4939515e-01  -1.8049662e-01  -1.8069648e-02
   8.2123399e-02  -2.2691824e-02  -1.7458932e-01   3.5965774e-01  -2.4296702e-01   3.5952401e-01  -1.7447850e-01  -2.2721798e-02
   8.2777830e-02  -2.6842297e-02  -1.6702684e-01   3.6715050e-01  -2.1509177e-01   3.6701598e-01  -1.6693394e-01  -2.6869279e-02
   8.3009776e-02  -3.0524347e-02  -1.5778502e-01   3.7224047e-01  -1.8629528e-01   3.7210586e-01  -1.5771013e-01  -3.0548414e-02
   8.2849659e-02  -3.3757539e-02  -1.4670832e-01   3.7543693e-01  -1.5664835e-01   3.7530327e-01  -1.4665174e-01  -3.3778699e-02
   8.2294849e-02  -3.6465758e-02  -1.3414050e-01   3.7682693e-01  -1.2640342e-01   3.7669561e-01  -1.3410262e-01  -3.6484029e-02
   8.1277911e-02  -3.8681673e-02  -1.2015500e-01   3.7617739e-01  -9.5692376e-02   3.7604960e-01  -1.2013611e-01  -3.8697085e-02
   7.9759275e-02  -4.0472726e-02  -1.0465181e-01   3.7370717e-01  -6.4585503e-02   3.7358378e-01  -1.0465197e-01  -4.0485460e-02
   7.7820326e-02  -4.1784088e-02  -8.7877324e-02   3.6942596e-01  -3.3306628e-02   3.6930758e-01  -8.7896463e-02  -4.1794598e-02
   7.5488614e-02  -4.2595400e-02  -7.0002055e-02   3.6306688e-01  -2.0194955e-03   3.6295393e-01  -7.0039695e-02  -4.2604354e-02
   7.2709317e-02  -4.2997456e-02  -5.1027348e-02   3.5413935e-01   2.9210843e-02   3.5403194e-01  -5.1082802e-02  -4.3005535e-02
   6.9547635e-02  -4.3023849e-02  -3.1181552e-02   3.4312846e-01   6.0197997e-02   3.4302681e-01  -3.1254893e-02  -4.3031744e-02
   6.6085242e-02  -4.2670984e-02  -1.0718059e-02   3.3052877e-01   9.0758182e-02   3.3043320e-01  -1.0811227e-02  -4.2679126e-02
   6.2316848e-02  -4.1932825e-02   1.0293789e-02   3.1614335e-01   1.2083699e-01   3.1605388e-01   1.0177345e-02  -4.1941124e-02
   5.8286248e-02  -4.0858470e-02   3.1637478e-02   2.9995013e-01   1.5029281e-01   2.9986656e-01   3.1494461e-02  -4.0866625e-02
   5.4085896e-02  -3.9478952e-02   5.2995622e-02   2.8225912e-01   1.7892925e-01   2.8218136e-01   5.2824769e-02  -3.9486944e-02
   4.9741511e-02  -3.7756614e-02   7.4262430e-02   2.6304689e-01   2.0670483e-01   2.6297506e-01   7.4064687e-02  -3.7764891e-02
   4.5299068e-02  -3.5704156e-02   9.5244430e-02   2.4232714e-01   2.3352598e-01   2.4226144e-01   9.5023369e-02  -3.5713473e-02
   4.0860430e-02  -3.3420561e-02   1.1557670e-01   2.2037111e-01   2.5918636e-01   2.2031158e-01   1.1533765e-01  -3.3431741e-02
   3.6463278e-02  -3.0925064e-02   1.3515433e-01   1.9723935e-01   2.8365917e-01   1.9718564e-01   1.3490223e-01  -3.0938734e-02
   3.2150480e-02  -2.8206859e-02   1.5383676e-01   1.7296338e-01   3.0690293e-01   1.7291477e-01   1.5357485e-01  -2.8223163e-02
   2.8032073e-02  -2.5322241e-02   1.7121860e-01   1.4778858e-01   3.2870041e-01   1.4774424e-01   1.7094948e-01  -2.5340732e-02
   2.4168753e-02  -2.2304719e-02   1.8712913e-01   1.2186937e-01   3.4898419e-01   1.2182856e-01   1.8685509e-01  -2.2324688e-02
   2.0576597e-02  -1.9156806e-02   2.0157093e-01   9.5243387e-02   3.6779145e-01   9.5205685e-02   2.0129434e-01  -1.9177622e-02
   1.5015944e-02  -1.4059977e-02   1.6705082e-01   6.5513805e-02   3.0176200e-01   6.5484806e-02   1.6682855e-01  -1.4076976e-02
   7.4441406e-03  -7.0486987e-03   8.3831981e-02   3.2860847e-02   1.5117649e-01   3.2846313e-02   8.3720419e-02  -7.0573258e-03
   0.0000000e+00   0.0000000e+00   0.0000000e+00   0.0000000e+00   0.0000000e+00   0.0000000e+00   0.0000000e+00   0.0000000e+00
  -7.4441406e-03   7.0486987e-03  -8.3831981e-02  -3.2860847e-02  -1.5117649e-01  -3.2846313e-02  -8.3720419e-02   7.0573258e-03
  -1.5015944e-02   1.4059977e-02  -1.6705082e-01  -6.5513805e-02  -3.0176200e-01  -6.5484806e-02  -1.6682855e-01   1.4076976e-02
  -2.0576597e-02   1.9156806e-02  -2.0157093e-01  -9.5243387e-02  -3.6779145e-01  -9.5205685e-02  -2.0129434e-01   1.9177622e-02
  -2.4168753e-02   2.2304719e-02  -1.8712913e-01  -1.2186937e-01  -3.4898419e-01  -1.2182856e-01  -1.8685509e-01   2.2324688e-02
  -2.8032073e-02   2.5322241e-02  -1.7121860e-01  -1.4778858e-01  -3.2870041e-01  -1.4774424e-01  -1.7094948e-01   2.5340732e-02
  -3.2150480e-02   2.8206859e-02  -1.5383676e-01  -1.7296338e-01  -3.0690293e-01  -1.7291477e-01  -1.5357485e-01   2.8223163e-02
  -3.6463278e-02   3.0925064e-02  -1.3515433e-01  -1.9723935e-01  -2.8365917e-01  -1.9718564e-01  -1.3490223e-01   3.0938734e-02
  -4.0860430e-02   3.3420561e-02  -1.1557670e-01  -2.2037111e-01  -2.5918636e-01  -2.2031158e-01  -1.1533765e-01   3.3431741e-02
  -4.5299068e-02   3.5704156e-02  -9.5244430e-02  -2.4232714e-01  -2.3352598e-01  -2.4226144e-01  -9.5023369e-02   3.5713473e-02
  -4.9741511e-02   3.7756614e-02  -7.4262430e-02  -2.6304689e-01  -2.0670483e-01  -2.6297506e-01  -7.4064687e-02   3.7764891e-02
  -5.4085896e-02   3.9478952e-02  -5.2995622e-02  -2.8225912e-01  -1.7892925e-01  -2.8218136e-01  -5.2824769e-02   3.9486944e-02
  -5.8286248e-02   4.0858470e-02  -3.1637478e-02  -2.9995013e-01  -1.5029281e-01  -2.9986656e-01  -3.1494461e-02   4.0866625e-02
  -6.2316848e-02   4.1932825e-02  -1.0293789e-02  -3.1614335e-01  -1.2083699e-01  -3.1605388e-01  -1.0177345e-02   4.1941124e-02
  -6.6085242e-02   4.2670984e-02   1.0718059e-02  -3.3052877e-01  -9.0758182e-02  -3.3043320e-01   1.0811227e-02   4.2679126e-02
  -6.9547635e-02   4.3023849e-02   3.1181552e-02  -3.4312846e-01  -6.0197997e-02  -3.4302681e-01   3.1254893e-02   4.3031744e-02
  -7.2709317e-02   4.2997456e-02   5.1027348e-02  -3.5413935e-01  -2.9210843e-02  -3.5403194e-01   5.1082802e-02   4.3005535e-02
  -7.5488614e-02   4.2595400e-02   7.0002055e-02  -3.6306688e-01   2.0194955e-03  -3.6295393e-01   7.0039695e-02   4.2604354e-02
  -7.7820326e-02   4.1784088e-02   8.7877324e-02  -3.6942596e-01   3.3306628e-02  -3.6930758e-01   8.7896463e-02   4.1794598e-02
  -7.9759275e-02   4.0472726e-02   1.0465181e-01  -3.7370717e-01   6.4585503e-02  -3.7358378e-01   1.0465197e-01   4.0485460e-02
  -8.1277911e-02   3.8681673e-02   1.2015500e-01  -3.7617739e-01   9.5692376e-02  -3.7604960e-01   1.2013611e-01   3.8697085e-02
  -8.2294849e-02   3.6465758e-02   1.3414050e-01  -3.7682693e-01   1.2640342e-01  -3.7669561e-01   1.3410262e-01   3.6484029e-02
  -8.2849659e-02   3.3757539e-02   1.4670832e-01  -3.7543693e-01   1.5664835e-01  -3.7530327e-01   1.4665174e-01   3.3778699e-02
  -8.3009776e-02   3.0524347e-02   1.5778502e-01  -3.7224047e-01   1.8629528e-01  -3.7210586e-01   1.5771013e-01   3.0548414e-02
  -8.2777830e-02   2.6842297e-02   1.6702684e-01  -3.6715050e-01   2.1509177e-01  -3.6701598e-01   1.6693394e-01   2.6869279e-02
  -8.2123399e-02   2.2691824e-02   1.7458932e-01  -3.5965774e-01   2.4296702e-01  -3.5952401e-01   1.7447850e-01   2.2721798e-02
  -8.1093270e-02   1.8036579e-02   1.8062447e-01  -3.4952764e-01   2.6983381e-01  -3.4939515e-01   1.8049662e-01   1.8069648e-02
  -7.9743589e-02   1.2934500e-02   1.8487693e-01  -3.3747273e-01   2.9542557e-01  -3.3734195e-01   1.8473470e-01   1.2970722e-02
  -7.8070778e-02   7.3924854e-03   1.8731925e-01  -3.2363835e-01   3.1966953e-01  -3.2350995e-01   1.8716531e-01   7.4317816e-03
  -7.6059570e-02   1.3902611e-03   1.8825302e-01  -3.0771348e-01   3.4254525e-01  -3.0758834e-01   1.8808945e-01   1.4323453e-03
  -7.3825542e-02  -5.0206807e-03   1.8773954e-01  -2.8993518e-01   3.6379382e-01  -2.8981424e-01   1.8756851e-01  -4.9763516e-03
  -7.1446425e-02  -1.1809540e-02   1.8569781e-01  -2.7046143e-01   3.8332338e-01  -2.7034567e-01   1.8552131e-01  -1.1763734e-02
  -6.8928290e-02  -1.8982123e-02   1.8212083e-01  -2.4918078e-01   4.0121324e-01  -2.4907125e-01   1.8193964e-01  -1.8935718e-02
  -6.6342161e-02  -2.6488692e-02   1.7719813e-01  -2.2626049e-01   4.1723079e-01  -2.2615809e-01   1.7701332e-01  -2.6442556e-02
  -6.3766381e-02  -3.4274277e-02   1.7103390e-01  -2.0191274e-01   4.3124177e-01  -2.0181824e-01   1.7084765e-01  -3.4229267e-02
  -6.1221303e-02  -4.2328253e-02   1.6345757e-01  -1.7612136e-01   4.4350116e-01  -1.7603556e-01   1.6327307e-01  -4.2285237e-02
  -5.8778875e-02  -5.0599427e-02   1.5461554e-01  -1.4901614e-01   4.5376823e-01  -1.4893976e-01   1.5443554e-01  -5.0559079e-02
  -5.6532274e-02  -5.9010375e-02   1.4484867e-01  -1.2085149e-01   4.6154061e-01  -1.2078521e-01   1.4467479e-01  -5.8973048e-02
  -5.4470961e-02  -6.7536876e-02   1.3416999e-01  -9.1682228e-02   4.6715098e-01  -9.1626783e-02   1.3400335e-01  -6.7502710e-02
  -5.2668106e-02  -7.6125888e-02   1.2258490e-01  -6.1626442e-02   4.7092592e-01  -6.1582493e-02   1.2242608e-01  -7.6094948e-02
  -5.1300485e-02  -8.4674786e-02   1.1033347e-01  -3.0971709e-02   4.7285455e-01  -3.0939584e-02   1.1018209e-01  -8.4647140e-02
  -5.0368901e-02  -9.3147143e-02   9.7490529e-02   1.7170516e-04   4.7277572e-01   1.9197970e-04   9.7345649e-02  -9.3123012e-02
  -4.9813136e-02  -1.0148827e-01   8.4092433e-02   3.1684468e-02   4.7095165e-01   3.1693058e-02   8.3953671e-02  -1.0146804e-01
  -4.9642734e-02  -1.0956606e-01   7.0331121e-02   6.3255282e-02   4.6740374e-01   6.3252502e-02   7.0199138e-02  -1.0955010e-01
  -4.9936169e-02  -1.1733388e-01   5.6307390e-02   9.4726263e-02   4.6184531e-01   9.4712372e-02   5.6184260e-02  -1.1732238e-01
  -5.0674751e-02  -1.2475061e-01   4.2066986e-02   1.2598615e-01   4.5402246e-01   1.2596122e-01   4.1955458e-02  -1.2474358e-01
  -5.1851571e-02  -1.3165419e-01   2.7766954e-02   1.5671467e-01   4.4444167e-01   1.5667862e-01   2.7669714e-02  -1.3165152e-01
  -5.3518657e-02  -1.3798887e-01   1.3521610e-02   1.8670102e-01   4.3335036e-01   1.8665375e-01   1.3440197e-02  -1.3799049e-01
  -5.5770777e-02  -1.4376662e-01  -6.2623757e-04   2.1586653e-01   4.2050825e-01   2.1580804e-01  -6.9154455e-04  -1.4377256e-01
  -5.8475099e-02  -1.4877915e-01  -1.4548879e-02   2.4390691e-01   4.0604424e-01   2.4383738e-01  -1.4598809e-02  -1.4878938e-01
  -6.1492210e-02  -1.5283251e-01  -2.8122475e-02   2.7054970e-01   3.9017819e-01   2.7046949e-01  -2.8157500e-02  -1.5284679e-01
  -6.4830387e-02  -1.5603421e-01  -4.1317017e-02   2.9578160e-01   3.7282512e-01   2.9569112e-01  -4.1336721e-02  -1.5605216e-01
  -6.8412963e-02  -1.5837603e-01  -5.4034934e-02   3.1935499e-01   3.5401458e-01   3.1925473e-01  -5.4038038e-02  -1.5839697e-01
  -7.2081563e-02  -1.5974490e-01  -6.6141017e-02   3.4092562e-01   3.3391966e-01   3.4081609e-01  -6.6126317e-02  -1.5976794e-01
  -7.5803202e-02  -1.6008431e-01  -7.7625592e-02   3.6059167e-01   3.1251715e-01   3.6047330e-01  -7.7592291e-02  -1.6010889e-01
  -7.9451973e-02  -1.5948410e-01  -8.8426014e-02   3.7820843e-01   2.8980102e-01   3.7808167e-01  -8.8374714e-02  -1.5950997e-01
  -8.2767451e-02  -1.5793423e-01  -9.8387618e-02   3.9328696e-01   2.6590781e-01   3.9315237e-01  -9.8320462e-02  -1.5796115e-01
  -8.5692816e-02  -1.5526141e-01  -1.0753140e-01   4.0605652e-01   2.4084382e-01   4.0591458e-01  -1.0745121e-01  -1.5528915e-01
  -8.8168919e-02  -1.5144586e-01  -1.1583954e-01   4.1661251e-01   2.1460076e-01   4.1646393e-01  -1.1574905e-01  -1.5147425e-01
  -8.9980964e-02  -1.4672522e-01  -1.2311510e-01   4.2435791e-01   1.8729935e-01   4.2420404e-01  -1.2301700e-01  -1.4675392e-01
  -9.0947742e-02  -1.4112766e-01  -1.2942694e-01   4.2926214e-01   1.5897406e-01   4.2910423e-01  -1.2932325e-01  -1.4115614e-01
  -9.1055419e-02  -1.3456944e-01  -1.3483750e-01   4.3184222e-01   1.2963177e-01   4.3168110e-01  -1.3472932e-01  -1.3459717e-01
  -9.0256590e-02  -1.2727897e-01  -1.3904558e-01   4.3217566e-01   9.9406499e-02   4.3201206e-01  -1.3893371e-01  -1.2730561e-01
  -8.8372687e-02  -1.1941645e-01  -1.4192420e-01   4.3010866e-01   6.8386331e-02   4.2994335e-01  -1.4180946e-01  -1.1944197e-01
  -8.5208761e-02  -1.1098259e-01  -1.4373488e-01   4.2570252e-01   3.6602832e-02   4.2553606e-01  -1.4361811e-01  -1.1100700e-01
  -8.0828657e-02  -1.0214247e-01  -1.4454653e-01   4.1915610e-01   4.2214592e-03   4.1898919e-01  -1.4442873e-01  -1.0216582e-01
  -7.5257236e-02  -9.3088459e-02  -1.4431214e-01   4.1048250e-01  -2.8589501e-02   4.1031622e-01  -1.4419449e-01  -9.3110617e-02
  -6.8256080e-02  -8.3876260e-02  -1.4298513e-01   3.9930117e-01  -6.1770566e-02   3.9913712e-01  -1.4286899e-01  -8.3896892e-02
  -5.9880989e-02  -7.4644568e-02  -1.4065220e-01   3.8587244e-01  -9.5133389e-02   3.8571205e-01  -1.4053882e-01  -7.4663245e-02
  -5.0376762e-02  -6.5595728e-02  -1.3727671e-01   3.7078447e-01  -1.2841980e-01   3.7062862e-01  -1.3716736e-01  -6.5612192e-02
  -3.9686698e-02  -5.6789951e-02  -1.3260386e-01   3.5400989e-01  -1.6154007e-01   3.5385929e-01  -1.3249998e-01  -5.6804183e-02
  -2.7818440e-02  -4.8322816e-02  -1.2663580e-01   3.3548476e-01  -1.9431027e-01   3.3534002e-01  -1.2653864e-01  -4.8335105e-02
  -1.5039339e-02  -4.0386383e-02  -1.1971826e-01   3.1557471e-01  -2.2639702e-01   3.1543618e-01  -1.1962833e-01  -4.0397214e-02
  -1.4126817e-03  -3.3013045e-02  -1.1185880e-01   2.9435881e-01  -2.5768990e-01   2.9422685e-01  -1.1177619e-01  -3.3022929e-02
   1.3007764e-02  -2.6237160e-02  -1.0294781e-01   2.7183679e-01  -2.8804617e-01   2.7171203e-01  -1.0287256e-01  -2.6246353e-02
   2.7941493e-02  -2.0231530e-02  -9.3165901e-02   2.4827214e-01  -3.1709216e-01   2.4815535e-01  -9.3098056e-02  -2.0239991e-02
   4.3245975e-02  -1.4979803e-02  -8.2570242e-02   2.2378693e-01  -3.4470618e-01   2.2367900e-01  -8.2510084e-02  -1.4987387e-02
   5.8838424e-02  -1.0432555e-02  -7.1134954e-02   1.9840535e-01  -3.7082839e-01   1.9830720e-01  -7.1083040e-02  -1.0439072e-02
   7.4442963e-02  -6.7683026e-03  -5.9006656e-02   1.7232195e-01  -3.9508485e-01   1.7223433e-01  -5.8963734e-02  -6.7733696e-03
   8.9867592e-02  -4.0431514e-03  -4.6288764e-02   1.4567938e-01  -4.1733265e-01   1.4560283e-01  -4.6255524e-02  -4.0463437e-03
   1.0503551e-01  -2.0705885e-03  -3.2995804e-02   1.1851737e-01  -4.3765346e-01   1.1845233e-01  -3.2972728e-02  -2.0717537e-03
   1.1969284e-01  -8.0377844e-04  -1.9259293e-02   9.0987292e-02  -4.5569835e-01   9.0934024e-02  -1.9246539e-02  -8.0302036e-04
   1.3361138e-01  -2.4821856e-04  -5.2210728e-03   6.3247123e-02  -4.7125620e-01   6.3205860e-02  -5.2186799e-03  -2.4581141e-04
   1.4676608e-01  -3.4001049e-04   9.0763722e-03   3.5347747e-02  -4.8466934e-01   3.5318811e-02   9.0682988e-03  -3.3624491e-04
   1.5894076e-01  -9.7013467e-04   2.3511203e-02   7.4142903e-03  -4.9560920e-01   7.3980161e-03   2.3492656e-02  -9.6534434e-04
   1.6986283e-01  -2.1124006e-03   3.7908725e-02  -2.0376154e-02  -5.0338650e-01  -2.0379581e-02   3.7880063e-02  -2.1068520e-03
   1.7965956e-01  -3.8157353e-03   5.2211264e-02  -4.7964371e-02  -5.0842007e-01  -4.7954888e-02   5.2173152e-02  -3.8095146e-03
   1.8813834e-01  -5.9937871e-03   6.6309739e-02  -7.5244346e-02  -5.1116456e-01  -7.5222116e-02   6.6263016e-02  -5.9868844e-03
   1.9470706e-01  -8.4230834e-03   7.9999149e-02  -1.0201524e-01  -5.1163374e-01  -1.0198070e-01   7.9944631e-02  -8.4156695e-03
   1.9945954e-01  -1.1038994e-02   9.3221559e-02  -1.2821114e-01  -5.0957076e-01  -1.2816485e-01   9.3159747e-02  -1.1031372e-02
   2.0269492e-01  -1.3816603e-02   1.0589337e-01  -1.5374895e-01  -5.0528500e-01  -1.5369146e-01   1.0582453e-01  -1.3809077e-02
   2.0441292e-01  -1.6581218e-02   1.1777880e-01  -1.7840581e-01  -4.9880204e-01  -1.7833764e-01   1.1770334e-01  -1.6574021e-02
   2.0438754e-01  -1.9272214e-02   1.2883230e-01  -2.0210412e-01  -4.8975702e-01  -2.0202567e-01   1.2875088e-01  -1.9265426e-02
   2.0275002e-01  -2.1845244e-02   1.3902712e-01  -2.2479919e-01  -4.7779048e-01  -2.2471078e-01   1.3894069e-01  -2.1838879e-02
   1.9952179e-01  -2.4098385e-02   1.4808594e-01  -2.4625823e-01  -4.6359541e-01  -2.4616023e-01   1.4799574e-01  -2.4092529e-02
   1.9449642e-01  -2.5904075e-02   1.5594839e-01  -2.6637508e-01  -4.4754277e-01  -2.6626795e-01   1.5585556e-01  -2.5898910e-02
   1.8729770e-01  -2.7299440e-02   1.6272790e-01  -2.8517204e-01  -4.2937232e-01  -2.8505634e-01   1.6263321e-01  -2.7295135e-02
   1.7831654e-01  -2.8246831e-02   1.6812737e-01  -3.0242540e-01  -4.0924833e-01  -3.0230193e-01   1.6803134e-01  -2.8243517e-02
   1.6794936e-01  -2.8660159e-02   1.7184118e-01  -3.1797546e-01  -3.8746148e-01  -3.1784510e-01   1.7174431e-01  -2.8657859e-02
   1.5603993e-01  -2.8467540e-02   1.7410392e-01  -3.3196258e-01  -3.6395549e-01  -3.3182610e-01   1.7400684e-01  -2.8466185e-02
   1.4264333e-01  -2.7677541e-02   1.7504372e-01  -3.4418012e-01  -3.3883200e-01  -3.4403838e-01   1.7494713e-01  -2.7676958e-02
   1.2810442e-01  -2.6252994e-02   1.7461493e-01  -3.5426014e-01  -3.1236645e-01  -3.5411420e-01   1.7451961e-01  -2.6253063e-02
   1.1245246e-01  -2.4020651e-02   1.7266220e-01  -3.6244124e-01  -2.8459195e-01  -3.6229207e-01   1.7256902e-01  -2.4021419e-02
   9.5768682e-02  -2.0968678e-02   1.6932445e-01  -3.6880192e-01  -2.5557731e-01  -3.6865042e-01   1.6923421e-01  -2.0970293e-02
   7.8391065e-02  -1.7264510e-02   1.6462512e-01  -3.7304882e-01  -2.2557670e-01  -3.7289598e-01   1.6453845e-01  -1.7267006e-02
   6.0440742e-02  -1.2872018e-02   1.5831068e-01  -3.7515458e-01  -1.9467348e-01  -3.7500159e-01   1.5822801e-01  -1.2875344e-02
   4.2026503e-02  -7.7280631e-03   1.5027643e-01  -3.7539844e-01  -1.6293012e-01  -3.7524650e-01   1.5019827e-01  -7.7321275e-03
   2.3483959e-02  -1.9910913e-03   1.4096773e-01  -3.7379439e-01  -1.3057662e-01  -3.7364467e-01   1.4089480e-01  -1.9957571e-03
   4.9843627e-03   4.2874857e-03   1.3050366e-01  -3.7009987e-01  -9.7730582e-02  -3.6995358e-01   1.3043743e-01   4.2823905e-03
  -1.3364353e-02   1.1116331e-02   1.1875815e-01  -3.6426247e-01  -6.4456120e-02  -3.6412081e-01   1.1870051e-01   1.1110992e-02
  -3.1239771e-02   1.8348067e-02   1.0595519e-01  -3.5654271e-01  -3.0963167e-02  -3.5640653e-01   1.0590790e-01   1.8342663e-02
  -4.8438004e-02   2.5875215e-02   9.2262008e-02  -3.4696199e-01   2.5967125e-03  -3.4683193e-01   9.2226152e-02   2.5869988e-02
  -6.4898047e-02   3.3663457e-02   7.7674226e-02  -3.3522625e-01   3.6159292e-02  -3.3510302e-01   7.7650242e-02   3.3658681e-02
  -8.0330913e-02   4.1561905e-02   6.2374295e-02  -3.2159729e-01   6.9532269e-02  -3.2148163e-01   6.2361679e-02   4.1557724e-02
  -9.4500582e-02   4.9418823e-02   4.6571455e-02  -3.0637981e-01   1.0252676e-01  -3.0627243e-01   4.6569226e-02   4.9415103e-02
  -1.0745716e-01   5.7187423e-02   3.0318570e-02  -2.8945256e-01   1.3508301e-01  -2.8935423e-01   3.0325872e-02   5.7183838e-02
  -1.1896621e-01   6.4718446e-02   1.3766296e-02  -2.7086847e-01   1.6703294e-01  -2.7077992e-01   1.3782682e-02   6.4714624e-02
  -1.2866912e-01   7.1818712e-02  -2.8560280e-03  -2.5089628e-01   1.9814770e-01  -2.5081808e-01  -2.8308550e-03   7.1814421e-02
  -1.3674997e-01   7.8479672e-02  -1.9469933e-02  -2.2953578e-01   2.2837536e-01  -2.2946840e-01  -1.9436250e-02   7.8474858e-02
  -1.4320753e-01   8.4563552e-02  -3.5955624e-02  -2.0682736e-01   2.5758594e-01  -2.0677110e-01  -3.5913793e-02   8.4558456e-02
  -1.4767888e-01   8.9763873e-02  -5.2080184e-02  -1.8302211e-01   2.8551141e-01  -1.8297705e-01  -5.2030595e-02   8.9758954e-02
  -1.5020160e-01   9.4086128e-02  -6.7764361e-02  -1.5818761e-01   3.1211198e-01  -1.5815371e-01  -6.7707365e-02   9.4081830e-02
  -1.5107678e-01   9.7555616e-02  -8.2926175e-02  -1.3236976e-01   3.3731651e-01  -1.3234693e-01  -8.2862163e-02   9.7552135e-02
  -1.5032781e-01   9.9981701e-02  -9.7338910e-02  -1.0579930e-01   3.6082601e-01  -1.0578730e-01  -9.7268431e-02   9.9979032e-02
  -1.4780186e-01   1.0123337e-01  -1.1093390e-01  -7.8590182e-02   3.8260953e-01  -7.8588682e-02  -1.1085755e-01   1.0123152e-01
  -1.4358468e-01   1.0139849e-01  -1.2368477e-01  -5.0798945e-02   4.0268797e-01  -5.0807564e-02  -1.2360320e-01   1.0139753e-01
  -1.3789575e-01   1.0047541e-01  -1.3537396e-01  -2.2636893e-02   4.2074305e-01  -2.2655239e-02  -1.3528807e-01   1.0047540e-01
  -1.3077239e-01   9.8330989e-02  -1.4593743e-01   5.7429596e-03   4.3674082e-01   5.7152292e-03  -1.4584816e-01   9.8332033e-02
  -1.2204792e-01   9.4826988e-02  -1.5544178e-01   3.4277920e-02   4.5086581e-01   3.4241104e-02  -1.5534998e-01   9.4829297e-02
  -1.1207181e-01   9.0098108e-02  -1.6366119e-01   6.2774500e-02   4.6274327e-01   6.2728906e-02  -1.6356780e-01   9.0101794e-02
  -1.0122258e-01   8.4236960e-02  -1.7040273e-01   9.1040847e-02   4.7202157e-01   9.0986864e-02  -1.7030875e-01   8.4241929e-02
  -8.9508139e-02   7.7064544e-02  -1.7586179e-01   1.1901401e-01   4.7909687e-01   1.1895211e-01  -1.7576801e-01   7.7070556e-02
  -7.7080413e-02   6.8668692e-02  -1.8001146e-01   1.4652201e-01   4.8409507e-01   1.4645274e-01  -1.7991837e-01   6.8675475e-02
  -6.4278303e-02   5.9321696e-02  -1.8265765e-01   1.7333187e-01   4.8687706e-01   1.7325581e-01  -1.8256556e-01   5.9328992e-02
  -5.1204393e-02   4.9013059e-02  -1.8383942e-01   1.9938830e-01   4.8740152e-01   1.9930594e-01  -1.8374887e-01   4.9020614e-02
  -3.8009955e-02   3.7771368e-02  -1.8372553e-01   2.2455267e-01   4.8593997e-01   2.2446445e-01  -1.8363712e-01   3.7778969e-02
  -2.5026184e-02   2.5855699e-02  -1.8230423e-01   2.4854558e-01   4.8249448e-01   2.4845194e-01  -1.8221856e-01   2.5863200e-02
  -1.2367569e-02   1.3346141e-02  -1.7937913e-01   2.7132819e-01   4.7672751e-01   2.7122960e-01  -1.7929705e-01   1.3353377e-02
  -1.5587534e-04   3.1196007e-04  -1.7497248e-01   2.9281575e-01   4.6858560e-01   2.9271271e-01  -1.7489504e-01   3.1872135e-04
   1.1279691e-02  -1.2984668e-02  -1.6928152e-01   3.1267642e-01   4.5856667e-01   3.1256953e-01  -1.6920943e-01  -1.2978557e-02
   2.1859307e-02  -2.6409576e-02  -1.6224319e-01   3.3089531e-01   4.4671931e-01   3.3078513e-01  -1.6217702e-01  -2.6404254e-02
   3.1543958e-02  -3.9878264e-02  -1.5368886e-01   3.4748626e-01   4.3280138e-01   3.4737329e-01  -1.5362925e-01  -3.9873822e-02
   3.9984375e-02  -5.3131653e-02  -1.4388406e-01   3.6204370e-01   4.1714201e-01   3.6192845e-01  -1.4383155e-01  -5.3128080e-02
   4.7047927e-02  -6.6000316e-02  -1.3297696e-01   3.7450144e-01   3.9994745e-01   3.7438435e-01  -1.3293200e-01  -6.5997496e-02
   5.2886203e-02  -7.8423823e-02  -1.2087039e-01   3.8509508e-01   3.8110729e-01   3.8497651e-01  -1.2083336e-01  -7.8421619e-02
   5.7319796e-02  -9.0160663e-02  -1.0768927e-01   3.9342543e-01   3.6077762e-01   3.9330574e-01  -1.0766032e-01  -9.0159007e-02
   6.0131809e-02  -1.0101075e-01  -9.3604733e-02   3.9906579e-01   3.3916876e-01   3.9894544e-01  -9.3583713e-02  -1.0100971e-01
   6.1475354e-02  -1.1099619e-01  -7.8610602e-02   4.0238419e-01   3.1626453e-01   4.0226379e-01  -7.8597144e-02  -1.1099595e-01
   6.1485305e-02  -1.1990777e-01  -6.2808075e-02   4.0359412e-01   2.9215449e-01   4.0347437e-01  -6.2801768e-02  -1.1990852e-01
   6.0143747e-02  -1.2743434e-01  -4.6395039e-02   4.0263256e-01   2.6703860e-01   4.0251420e-01  -4.6395574e-02  -1.2743616e-01
   5.7326121e-02  -1.3370101e-01  -2.9421345e-02   3.9926214e-01   2.4095035e-01   3.9914592e-01  -2.9428577e-02  -1.3370386e-01
   5.3185445e-02  -1.3869766e-01  -1.1981678e-02   3.9369285e-01   2.1394468e-01   3.9357947e-01  -1.1995676e-02  -1.3870136e-01
   4.7915555e-02  -1.4213632e-01   5.7050002e-03   3.8598987e-01   1.8619981e-01   3.8587987e-01   5.6840186e-03  -1.4214056e-01
   4.1446518e-02  -1.4401106e-01   2.3552569e-02   3.7577902e-01   1.5777587e-01   3.7567298e-01   2.3524370e-02  -1.4401566e-01
   3.3766254e-02  -1.4453762e-01   4.1468094e-02   3.6288706e-01   1.2871722e-01   3.6278562e-01   4.1432606e-02  -1.4454258e-01
   2.5283704e-02  -1.4372618e-01   5.9217424e-02   3.4795952e-01   9.9181474e-02   3.4786322e-01   5.9174755e-02  -1.4373150e-01
   1.6174736e-02  -1.4142794e-01   7.6688887e-02   3.3115121e-01   6.9248214e-02   3.3106058e-01   7.6639227e-02  -1.4143342e-01
   6.4453481e-03  -1.3767411e-01   9.3804230e-02   3.1224681e-01   3.8961861e-02   3.1216233e-01   9.3747816e-02  -1.3767943e-01
  -3.6352028e-03  -1.3265194e-01   1.1032231e-01   2.9155345e-01   8.4687047e-03   2.9147550e-01   1.1025951e-01  -1.3265674e-01
  -1.3861331e-02  -1.2639267e-01   1.2610402e-01   2.6928971e-01  -2.2127160e-02   2.6921862e-01   1.2603530e-01  -1.2639671e-01
  -2.4165589e-02  -1.1874050e-01   1.4111551e-01   2.4541018e-01  -5.2779718e-02   2.4534631e-01   1.4104130e-01  -1.1874362e-01
  -3.4317543e-02  -1.0996363e-01   1.5511954e-01   2.2014479e-01  -8.3346027e-02   2.2008850e-01   1.5504040e-01  -1.0996596e-01
  -4.4094553e-02  -1.0035889e-01   1.6793485e-01   1.9376616e-01  -1.1368568e-01   1.9371769e-01   1.6785134e-01  -1.0036072e-01
  -5.3450387e-02  -8.9916006e-02   1.7962828e-01   1.6631663e-01  -1.4375123e-01   1.6627620e-01   1.7954093e-01  -8.9917589e-02
  -6.2195456e-02  -7.8746437e-02   1.8996631e-01   1.3797329e-01  -1.7340365e-01   1.3794106e-01   1.8987571e-01  -7.8747892e-02
  -7.0089877e-02  -6.7118275e-02   1.9857822e-01   1.0903114e-01  -2.0245563e-01   1.0900720e-01   1.9848520e-01  -6.7119598e-02
  -7.7204585e-02  -5.5106979e-02   2.0562353e-01   7.9585218e-02  -2.3085922e-01   7.9569710e-02   2.0552882e-01  -5.5108115e-02
  -8.3381806e-02  -4.2819956e-02   2.1112928e-01   4.9774628e-02  -2.5849127e-01   4.9767663e-02   2.1103354e-01  -4.2820835e-02
  -8.8166673e-02  -3.0511884e-02   2.1480959e-01   1.9890753e-02  -2.8511295e-01   1.9892909e-02   2.1471317e-01  -3.0512662e-02
  -9.1620419e-02  -1.8284905e-02   2.1658254e-01  -9.9473098e-03  -3.1068764e-01  -9.9322916e-03   2.1648434e-01  -1.8287251e-02
  -9.3964075e-02  -6.2284774e-03   2.1665308e-01  -3.9630534e-02  -3.3512064e-01  -3.9601465e-02   2.1655314e-01  -6.2329461e-03
  -9.5198081e-02   5.4275592e-03   2.1501684e-01  -6.8885336e-02  -3.5808897e-01  -6.8851236e-02   2.1492109e-01   5.4250761e-03
  -9.5168269e-02   1.6598624e-02   2.1142169e-01  -9.7572265e-02  -3.7949436e-01  -9.7560609e-02   2.1137210e-01   1.6610456e-02
  -9.3987318e-02   2.7236355e-02   2.0577779e-01  -1.2561776e-01  -3.9931612e-01  -1.2566017e-01   2.0583719e-01   2.7276031e-02
  -9.1680534e-02   3.7113055e-02   1.9831893e-01  -1.5279437e-01  -4.1726757e-01  -1.5290759e-01   1.9853460e-01   3.7186119e-02
  -8.8112906e-02   4.6120758e-02   1.8903250e-01  -1.7897249e-01  -4.3337722e-01  -1.7914127e-01   1.8938859e-01   4.6218809e-02
  -8.3034023e-02   5.4277797e-02   1.7760275e-01  -2.0413718e-01  -4.4783710e-01  -2.0432272e-01   1.7803009e-01   5.4383870e-02
  -7.6747768e-02   6.1372674e-02   1.6426586e-01  -2.2810491e-01  -4.6024922e-01  -2.2825628e-01   1.6466299e-01   6.1465631e-02
  -6.9567839e-02   6.7244572e-02   1.4931995e-01  -2.5070392e-01  -4.7017773e-01  -2.5078433e-01   1.4960509e-01   6.7309796e-02
  -6.1418825e-02   7.2059062e-02   1.3265909e-01  -2.7195376e-01  -4.7791597e-01  -2.7195182e-01   1.3279137e-01   7.2092783e-02
  -5.2367274e-02   7.5783426e-02   1.1438366e-01  -2.9170833e-01  -4.8345869e-01  -2.9164399e-01   1.1438985e-01   7.5794962e-02
  -4.2680825e-02   7.8230758e-02   9.4804671e-02  -3.0975620e-01  -4.8658996e-01  -3.0966061e-01   9.4751297e-02   7.8232936e-02
  -3.2407602e-02   7.9459557e-02   7.3939280e-02  -3.2620081e-01  -4.8725102e-01  -3.2609849e-01   7.3887898e-02   7.9461063e-02
  -2.1627829e-02   7.9615831e-02   5.1861853e-02  -3.4098544e-01  -4.8573579e-01  -3.4088320e-01   5.1833792e-02   7.9617866e-02
  -1.0595702e-02   7.8693726e-02   2.8887843e-02  -3.5381838e-01  -4.8203070e-01  -3.5371582e-01   2.8880318e-02   7.8696130e-02
   5.9176783e-04   7.6562476e-02   5.1235954e-03  -3.6494211e-01  -4.7572966e-01  -3.6483704e-01   5.1278580e-03   7.6564780e-02
   1.1838368e-02   7.3286709e-02  -1.9318024e-02  -3.7437388e-01  -4.6674693e-01  -3.7426636e-01  -1.9303094e-02   7.3288796e-02
   2.2885031e-02   6.9019577e-02  -4.4090783e-02  -3.8150223e-01  -4.5559397e-01  -3.8139284e-01  -4.4065179e-02   6.9021424e-02
   3.3619709e-02   6.3722550e-02  -6.9019928e-02  -3.8633345e-01  -4.4227914e-01  -3.8622280e-01  -6.8983732e-02   6.3724189e-02
   4.3964752e-02   5.7293991e-02  -9.3983706e-02  -3.8935110e-01  -4.2651247e-01  -3.8923965e-01  -9.3937022e-02   5.7295475e-02
   5.3649799e-02   4.9991006e-02  -1.1861995e-01  -3.9064049e-01  -4.0868001e-01  -3.9052871e-01  -1.1856299e-01   4.9992363e-02
   6.2565201e-02   4.1974076e-02  -1.4269180e-01  -3.9004358e-01  -3.8901629e-01  -3.8993196e-01  -1.4262485e-01   4.1975248e-02
   7.0716758e-02   3.3201681e-02  -1.6610421e-01  -3.8761837e-01  -3.6738890e-01  -3.8750743e-01  -1.6602758e-01   3.3202538e-02
   7.7788984e-02   2.3804185e-02  -1.8849365e-01  -3.8342950e-01  -3.4400741e-01  -3.8331975e-01  -1.8840776e-01   2.3804575e-02
   8.3486276e-02   1.3950530e-02  -2.0954822e-01  -3.7733203e-01  -3.1914834e-01  -3.7722403e-01  -2.0945351e-01   1.3950353e-02
   8.7961590e-02   3.6713602e-03  -2.2926563e-01  -3.6882636e-01  -2.9280838e-01  -3.6872087e-01  -2.2916254e-01   3.6705985e-03
   9.1210898e-02  -6.9242664e-03  -2.4730758e-01  -3.5811127e-01  -2.6513374e-01  -3.5800900e-01  -2.4719667e-01  -6.9255117e-03
   9.3079465e-02  -1.7656605e-02  -2.6324038e-01  -3.4571210e-01  -2.3641493e-01  -3.4561355e-01  -2.6312245e-01  -1.7658149e-02
   9.3477597e-02  -2.8465851e-02  -2.7730644e-01  -3.3149893e-01  -2.0672384e-01  -3.3140463e-01  -2.7718226e-01  -2.8467493e-02
   9.2533273e-02  -3.9259927e-02  -2.8922582e-01  -3.1530814e-01  -1.7616354e-01  -3.1521860e-01  -2.8909635e-01  -3.9261530e-02
   9.0231962e-02  -4.9854771e-02  -2.9806481e-01  -2.9743429e-01  -1.4499998e-01  -2.9734996e-01  -2.9793144e-01  -4.9856194e-02
   8.6320515e-02  -6.0185188e-02  -3.0398216e-01  -2.7786278e-01  -1.1334133e-01  -2.7778418e-01  -3.0384633e-01  -6.0185902e-02
   8.0759582e-02  -7.0183557e-02  -3.0749222e-01  -2.5652298e-01  -8.1261136e-02  -2.5645065e-01  -3.0735522e-01  -7.0183399e-02
   7.3894052e-02  -7.9669441e-02  -3.0861755e-01  -2.3365257e-01  -4.8972004e-02  -2.3358678e-01  -3.0848105e-01  -7.9669638e-02
   6.5760779e-02  -8.8584691e-02  -3.0701622e-01  -2.0931864e-01  -1.6593970e-02  -2.0925909e-01  -3.0688831e-01  -8.8588744e-02
   5.6227689e-02  -9.6907512e-02  -3.0291127e-01  -1.8349880e-01   1.5822364e-02  -1.8344503e-01  -3.0280393e-01  -9.6919151e-02
   4.5606090e-02  -1.0447235e-01  -2.9636921e-01  -1.5640804e-01   4.8133179e-02  -1.5635983e-01  -2.9629166e-01  -1.0449297e-01
   3.4115118e-02  -1.1123100e-01  -2.8713638e-01  -1.2819313e-01   8.0238944e-02  -1.2815112e-01  -2.8708682e-01  -1.1125810e-01
   2.1748965e-02  -1.1724084e-01  -2.7469707e-01  -9.8877539e-02   1.1211170e-01  -9.8843117e-02  -2.7466488e-01  -1.1726960e-01
   8.7355046e-03  -1.2234622e-01  -2.5971941e-01  -6.8666701e-02   1.4365668e-01  -6.8641604e-02  -2.5968801e-01  -1.2237076e-01
  -4.6608819e-03  -1.2640821e-01  -2.4289120e-01  -3.7777951e-02   1.7477580e-01  -3.7763505e-02  -2.4284694e-01  -1.2642451e-01
  -1.8368922e-02  -1.2957955e-01  -2.2407721e-01  -6.2739317e-03   2.0544146e-01  -6.2707598e-03  -2.2401345e-01  -1.2958660e-01
  -3.2197502e-02  -1.3189197e-01  -2.0339707e-01   2.5651986e-02   2.3557139e-01   2.5644217e-02  -2.0331915e-01  -1.3189244e-01
  -4.5860616e-02  -1.3327101e-01  -1.8138944e-01   5.7719440e-02   2.6505412e-01   5.7701497e-02  -1.8130979e-01  -1.3326852e-01
  -5.9268154e-02  -1.3374451e-01  -1.5816953e-01   8.9830254e-02   2.9387272e-01   8.9802740e-02  -1.5809968e-01  -1.3374147e-01
  -7.2272596e-02  -1.3344301e-01  -1.3390955e-01   1.2180768e-01   3.2195546e-01   1.2177075e-01  -1.3385374e-01  -1.3343979e-01
  -8.4587091e-02  -1.3237925e-01  -1.0911002e-01   1.5332246e-01   3.4914645e-01   1.5327622e-01  -1.0906794e-01  -1.3237591e-01
  -9.6154513e-02  -1.3046423e-01  -8.3974506e-02   1.8425623e-01   3.7542390e-01   1.8420090e-01  -8.3944660e-02  -1.3046073e-01
  -1.0690184e-01  -1.2772488e-01  -5.8654465e-02   2.1446946e-01   4.0071551e-01   2.1440545e-01  -5.8636631e-02  -1.2772115e-01
  -1.1654592e-01  -1.2433665e-01  -3.3572078e-02   2.4360749e-01   4.2478872e-01   2.4353536e-01  -3.3565996e-02  -1.2433266e-01
  -1.2510961e-01  -1.2032691e-01  -8.9442830e-03   2.7154027e-01   4.4760170e-01   2.7146051e-01  -8.9495072e-03  -1.2032264e-01
  -1.3262898e-01  -1.1563285e-01   1.5125995e-02   2.9819399e-01   4.6911678e-01   2.9810698e-01   1.5109942e-02  -1.1562833e-01
  -1.3874040e-01  -1.1039861e-01   3.8312641e-02   3.2321179e-01   4.8902169e-01   3.2311788e-01   3.8286273e-02  -1.1039389e-01
  -1.4329265e-01  -1.0472117e-01   6.0412742e-02   3.4643871e-01   5.0723211e-01   3.4633827e-01   6.0376483e-02  -1.0471635e-01
  -1.4657093e-01  -9.8577264e-02   8.1401307e-02   3.6791603e-01   5.2381960e-01   3.6780950e-01   8.1355479e-02  -9.8572466e-02
  -1.4863273e-01  -9.2026925e-02   1.0105608e-01   3.8730056e-01   5.3837655e-01   3.8718853e-01   1.0100106e-01  -9.2022244e-02
  -1.4941794e-01  -8.5150251e-02   1.1918664e-01   4.0439185e-01   5.5056159e-01   4.0427500e-01   1.1912299e-01  -8.5145732e-02
  -1.4891864e-01  -7.7953188e-02   1.3586006e-01   4.1947322e-01   5.6065177e-01   4.1935214e-01   1.3578840e-01  -7.7948839e-02
  -1.4725524e-01  -7.0466511e-02   1.5095808e-01   4.3213874e-01   5.6849391e-01   4.3201412e-01   1.5087932e-01  -7.0462305e-02
  -1.4440093e-01  -6.2753311e-02   1.6427831e-01   4.4162758e-01   5.7364067e-01   4.4150033e-01   1.6419348e-01  -6.2749212e-02
  -1.4009436e-01  -5.4828786e-02   1.7600100e-01   4.4834611e-01   5.7612143e-01   4.4821704e-01   1.7591094e-01  -5.4824777e-02
  -1.3436902e-01  -4.6710536e-02   1.8609937e-01   4.5271541e-01   5.7618288e-01   4.5258519e-01   1.8600495e-01  -4.6706650e-02
  -1.2760570e-01  -3.8448774e-02   1.9422540e-01   4.5473049e-01   5.7376078e-01   4.5459978e-01   1.9412797e-01  -3.8445082e-02
  -1.1980803e-01  -3.0060144e-02   2.0055552e-01   4.5407527e-01   5.6840892e-01   4.5394482e-01   2.0045642e-01  -3.0056749e-02
  -1.1086441e-01  -2.1561750e-02   2.0534419e-01   4.5104873e-01   5.6012490e-01   4.5091921e-01   2.0524451e-01  -2.1558736e-02
  -1.0101006e-01  -1.3005590e-02   2.0848961e-01   4.4564093e-01   5.4919983e-01   4.4551302e-01   2.0839025e-01  -1.3002993e-02
  -9.0321748e-02  -4.4105956e-03   2.0993983e-01   4.3738436e-01   5.3539981e-01   4.3725892e-01   2.0984159e-01  -4.4083781e-03
  -7.8778566e-02   4.1985578e-03   2.0994153e-01   4.2585003e-01   5.1833202e-01   4.2572808e-01   2.0984486e-01   4.2004712e-03
  -6.6578338e-02   1.2739483e-02   2.0856176e-01   4.1180943e-01   4.9854240e-01   4.1169172e-01   2.0846696e-01   1.2741164e-02
  -5.3849000e-02   2.1175636e-02   2.0571041e-01   3.9565115e-01   4.7630427e-01   3.9553827e-01   2.0561781e-01   2.1177096e-02
  -4.0633350e-02   2.9476631e-02   2.0127390e-01   3.7705915e-01   4.5138465e-01   3.7695176e-01   2.0118403e-01   2.9477815e-02
  -2.7189093e-02   3.7478555e-02   1.9548842e-01   3.5630574e-01   4.2411072e-01   3.5620435e-01   1.9540173e-01   3.7479356e-02
  -1.3743621e-02   4.5101014e-02   1.8854187e-01   3.3381000e-01   3.9490689e-01   3.3371502e-01   1.8845862e-01   4.5101331e-02
  -3.5462224e-04   5.2386606e-02   1.8028801e-01   3.0955422e-01   3.6378723e-01   3.0946609e-01   1.8020858e-01   5.2386387e-02
   1.2540321e-02   5.8921378e-02   1.7080646e-01   2.8383414e-01   3.3115772e-01   2.8375325e-01   1.7073133e-01   5.8920640e-02
   2.4350327e-02   6.4067843e-02   1.6036989e-01   2.5721417e-01   2.9770325e-01   2.5714081e-01   1.6029956e-01   6.4066645e-02
   3.5052058e-02   6.7872243e-02   1.4897434e-01   2.2986488e-01   2.6364076e-01   2.2979927e-01   1.4890937e-01   6.7870657e-02
   4.4229933e-02   7.0390445e-02   1.3661994e-01   2.0214325e-01   2.2947100e-01   2.0208550e-01   1.3656079e-01   7.0388537e-02
   5.0990196e-02   7.1491632e-02   1.2351233e-01   1.7479026e-01   1.9617854e-01   1.7474028e-01   1.2345930e-01   7.1489488e-02
   5.5076477e-02   7.0639282e-02   1.0972724e-01   1.4819873e-01   1.6426065e-01   1.4815631e-01   1.0968052e-01   7.0637001e-02
   5.6432195e-02   6.7702275e-02   9.5266929e-02   1.2257202e-01   1.3398229e-01   1.2253689e-01   9.5226656e-02   6.7699967e-02
   5.4494603e-02   6.2408725e-02   8.0225122e-02   9.8290357e-02   1.0585996e-01   9.8262149e-02   8.0191307e-02   6.2406507e-02
   4.8990581e-02   5.4841982e-02   6.4644239e-02   7.5512499e-02   8.0117301e-02   7.5490797e-02   6.4616850e-02   5.4839973e-02
   3.9959543e-02   4.5622600e-02   4.8505962e-02   5.4161844e-02   5.6672146e-02   5.4146254e-02   4.8485004e-02   4.5620921e-02
   3.1403166e-02   3.4261994e-02   3.2332450e-02   3.2704722e-02   3.2995763e-02   3.2695272e-02   3.2317909e-02   3.4260637e-02
   1.4633635e-02   2.5496954e-02   1.5117243e-02   1.4304957e-02   1.4426047e-02   1.4300807e-02   1.5109191e-02   2.5496180e-02
