   1.5366120e+01  -5.7965758e+00  -6.3283844e+00   3.1360322e+00   2.6175817e+00   3.1340778e+00  -6.3278166e+00  -5.7984417e+00
   1.3548220e+01  -4.0381710e+00  -7.2318139e+00   2.1831569e+00   4.6320999e+00   2.1807521e+00  -7.2313144e+00  -4.0402661e+00
   1.3627930e+01  -4.1097951e+00  -7.2013372e+00   2.2218691e+00   4.5571598e+00   2.2194743e+00  -7.2008293e+00  -4.1118836e+00
   1.4992815e+01  -5.4327504e+00  -6.5184709e+00   2.9388257e+00   3.0379567e+00   2.9367739e+00  -6.5179145e+00  -5.4346651e+00
   1.7030445e+01  -7.4283389e+00  -5.4647319e+00   4.0206840e+00   7.1968601e-01   4.0191807e+00  -5.4641229e+00  -7.4299814e+00
   1.9128388e+01  -9.5178628e+00  -4.3216369e+00   5.1541010e+00  -1.7524571e+00   5.1532242e+00  -4.3210076e+00  -9.5192034e+00
   2.0674210e+01  -1.1122624e+01  -3.3707028e+00   6.0257339e+00  -3.7332772e+00   6.0254341e+00  -3.3701216e+00  -1.1123702e+01
   2.1102931e+01  -1.1708336e+01  -2.8723907e+00   6.3462411e+00  -4.6263637e+00   6.3463512e+00  -2.8719577e+00  -1.1709256e+01
   2.0559556e+01  -1.1405229e+01  -2.7721107e+00   6.1854142e+00  -4.5652675e+00   6.1857924e+00  -2.7718864e+00  -1.1406123e+01
   1.9735643e+01  -1.0855080e+01  -2.7727453e+00   5.8895062e+00  -4.2454654e+00   5.8901464e+00  -2.7726958e+00  -1.0856080e+01
   1.9324961e+01  -1.0701796e+01  -2.5760937e+00   5.8059171e+00  -4.3648553e+00   5.8069478e+00  -2.5760913e+00  -1.0703028e+01
   1.9560788e+01  -1.1160490e+01  -2.0843677e+00   6.0501790e+00  -5.1535271e+00   6.0517066e+00  -2.0842513e+00  -1.1162021e+01
   2.0078202e+01  -1.1889265e+01  -1.4601219e+00   6.4366194e+00  -6.2338718e+00   6.4385250e+00  -1.4597764e+00  -1.1891019e+01
   2.0473097e+01  -1.2509730e+01  -8.8296687e-01   6.7598281e+00  -7.1884593e+00   6.7617541e+00  -8.8232845e-01  -1.2511492e+01
   2.0509788e+01  -1.2799604e+01  -4.5976150e-01   6.8975147e+00  -7.7678744e+00   6.8990049e+00  -4.5878323e-01  -1.2801133e+01
   2.0328362e+01  -1.2884897e+01  -1.3504601e-01   6.9128409e+00  -8.0975655e+00   6.9136518e+00  -1.3362207e-01  -1.2886202e+01
   2.0119752e+01  -1.2938744e+01   1.6860214e-01   6.8940610e+00  -8.3537025e+00   6.8942043e+00   1.7064684e-01  -1.2940118e+01
   2.0031542e+01  -1.3095216e+01   5.1231256e-01   6.9068142e+00  -8.6693666e+00   6.9064995e+00   5.1518144e-01  -1.3097135e+01
   2.0037938e+01  -1.3332115e+01   8.9204308e-01   6.9262782e+00  -9.0052847e+00   6.9256858e+00   8.9580438e-01  -1.3334831e+01
   2.0069799e+01  -1.3588175e+01   1.2874586e+00   6.9050153e+00  -9.2790950e+00   6.9042391e+00   1.2920044e+00  -1.3591616e+01
   2.0065044e+01  -1.3808722e+01   1.6814744e+00   6.7986278e+00  -9.4149023e+00   6.7976986e+00   1.6865248e+00  -1.3812518e+01
   2.0013759e+01  -1.3987788e+01   2.0810277e+00   6.5851854e+00  -9.3846044e+00   6.5842407e+00   2.0861607e+00  -1.3991478e+01
   1.9929418e+01  -1.4141238e+01   2.5038230e+00   6.2528279e+00  -9.1815199e+00   6.2521881e+00   2.5084875e+00  -1.4144359e+01
   1.9826284e+01  -1.4285858e+01   2.9689267e+00   5.7876759e+00  -8.7966021e+00   5.7878182e+00   2.9724729e+00  -1.4287961e+01
   1.9728856e+01  -1.4450679e+01   3.5150317e+00   5.1449273e+00  -8.1838994e+00   5.1460878e+00   3.5171585e+00  -1.4451577e+01
   1.9669512e+01  -1.4674161e+01   4.1959391e+00   4.2559761e+00  -7.2690510e+00   4.2578433e+00   4.1970386e+00  -1.4674116e+01
   1.9678860e+01  -1.4992775e+01   5.0629427e+00   3.0551870e+00  -5.9808359e+00   3.0569075e+00   5.0640924e+00  -1.4992492e+01
   1.9710858e+01  -1.5356262e+01   6.0547515e+00   1.6162381e+00  -4.3985042e+00   1.6169283e+00   6.0570599e+00  -1.5356478e+01
   1.9619897e+01  -1.5601702e+01   6.9638229e+00   1.9377906e-01  -2.7967735e+00   1.9319078e-01   6.9675801e+00  -1.5602644e+01
   1.9254209e+01  -1.5559172e+01   7.5734477e+00  -9.4611838e-01  -1.4627282e+00  -9.4755522e-01   7.5780705e+00  -1.5560527e+01
   1.8566918e+01  -1.5171070e+01   7.7957482e+00  -1.6800526e+00  -5.3582052e-01  -1.6815644e+00   7.8002216e+00  -1.5172249e+01
   1.7745191e+01  -1.4630383e+01   7.8302863e+00  -2.2029374e+00   1.7388508e-01  -2.2041531e+00   7.8341485e+00  -1.4631129e+01
   1.7007858e+01  -1.4164008e+01   7.9155166e+00  -2.7527569e+00   9.0089235e-01  -2.7538091e+00   7.9189918e+00  -1.4164470e+01
   1.6517156e+01  -1.3940031e+01   8.2278783e+00  -3.5053320e+00   1.8182711e+00  -3.5067080e+00   8.2316723e+00  -1.3940644e+01
   1.6208948e+01  -1.3891300e+01   8.6957506e+00  -4.3878321e+00   2.8533555e+00  -4.3897792e+00   8.7002305e+00  -1.3892282e+01
   1.5962504e+01  -1.3891853e+01   9.1854976e+00  -5.2652633e+00   3.8720456e+00  -5.2676401e+00   9.1904870e+00  -1.3893078e+01
   1.5668071e+01  -1.3827218e+01   9.5756990e+00  -6.0149315e+00   4.7524333e+00  -6.0172649e+00   9.5805575e+00  -1.3828269e+01
   1.5297018e+01  -1.3667820e+01   9.8352161e+00  -6.6050447e+00   5.4627151e+00  -6.6069518e+00   9.8394279e+00  -1.3668378e+01
   1.4857080e+01  -1.3422138e+01   9.9733746e+00  -7.0445534e+00   6.0114726e+00  -7.0459307e+00   9.9768122e+00  -1.3422154e+01
   1.4357684e+01  -1.3100424e+01   1.0001524e+01  -7.3447069e+00   6.4096906e+00  -7.3457190e+00   1.0004431e+01  -1.3100107e+01
   1.3831054e+01  -1.2736792e+01   9.9584373e+00  -7.5482759e+00   6.7014611e+00  -7.5491715e+00   9.9611635e+00  -1.2736408e+01
   1.3326966e+01  -1.2383725e+01   9.9039995e+00  -7.7222959e+00   6.9563618e+00  -7.7232666e+00   9.9067925e+00  -1.2383436e+01
   1.2894722e+01  -1.2093207e+01   9.8975422e+00  -7.9332235e+00   7.2433870e+00  -7.9344000e+00   9.9005445e+00  -1.2093070e+01
   1.2547764e+01  -1.1879420e+01   9.9557963e+00  -8.2007338e+00   7.5833567e+00  -8.2021905e+00   9.9590705e+00  -1.1879429e+01
   1.2252947e+01  -1.1707448e+01   1.0040153e+01  -8.4837308e+00   7.9345105e+00  -8.4854927e+00   1.0043714e+01  -1.1707581e+01
   1.1973962e+01  -1.1539040e+01   1.0108258e+01  -8.7370077e+00   8.2508550e+00  -8.7390502e+00   1.0112076e+01  -1.1539267e+01
   1.1663147e+01  -1.1325478e+01   1.0107752e+01  -8.9048366e+00   8.4756373e+00  -8.9070944e+00   1.0111757e+01  -1.1325767e+01
   1.1247518e+01  -1.0994690e+01   9.9639611e+00  -8.9080155e+00   8.5280993e+00  -8.9104022e+00   9.9680485e+00  -1.0995017e+01
   1.0650667e+01  -1.0471444e+01   9.5991877e+00  -8.6641662e+00   8.3242347e+00  -8.6665768e+00   9.6032226e+00  -1.0471799e+01
   9.8298535e+00  -9.7144131e+00   8.9718373e+00  -8.1296900e+00   7.8197403e+00  -8.1320125e+00   8.9756710e+00  -9.7147949e+00
   8.8770184e+00  -8.8179019e+00   8.1847206e+00  -7.4161057e+00   7.1291259e+00  -7.4182678e+00   8.1882624e+00  -8.8183084e+00
   7.9177727e+00  -7.9101222e+00   7.3767496e+00  -6.6737115e+00   6.4066046e+00  -6.6756925e+00   7.3799844e+00  -7.9105461e+00
   7.0637244e+00  -7.1049871e+00   6.6713519e+00  -6.0360774e+00   5.7892406e+00  -6.0379024e+00   6.6743314e+00  -7.1054173e+00
   6.3229903e+00  -6.4107356e+00   6.0775160e+00  -5.5131411e+00   5.2873599e+00  -5.5148399e+00   6.0802923e+00  -6.4111630e+00
   5.6573022e+00  -5.7882429e+00   5.5529383e+00  -5.0594280e+00   4.8544837e+00  -5.0610170e+00   5.5555340e+00  -5.7886636e+00
   5.0298103e+00  -5.1998362e+00   5.0568893e+00  -4.6311607e+00   4.4458720e+00  -4.6326429e+00   5.0592984e+00  -5.2002506e+00
   4.4281603e+00  -4.6329145e+00   4.5758100e+00  -4.2138698e+00   4.0468123e+00  -4.2152375e+00   4.5780105e+00  -4.6333149e+00
   3.8588548e+00  -4.0941765e+00   4.1170574e+00  -3.8156465e+00   3.6657074e+00  -3.8168839e+00   4.1190214e+00  -4.0945379e+00
   3.3287599e+00  -3.5906940e+00   3.6883927e+00  -3.4450184e+00   3.3114064e+00  -3.4461016e+00   3.6900874e+00  -3.5909742e+00
   2.8400227e+00  -3.1247350e+00   3.2923825e+00  -3.1048980e+00   2.9870019e+00  -3.1058058e+00   3.2937845e+00  -3.1248953e+00
   2.3886593e+00  -2.6923273e+00   2.9248448e+00  -2.7909038e+00   2.6881080e+00  -2.7916321e+00   2.9259598e+00  -2.6923594e+00
   1.9702814e+00  -2.2890868e+00   2.5811524e+00  -2.4981730e+00   2.4098453e+00  -2.4987354e+00   2.5820163e+00  -2.2890144e+00
   1.5815587e+00  -1.9117286e+00   2.2578786e+00  -2.2231212e+00   2.1486330e+00  -2.2235451e+00   2.2585463e+00  -1.9115950e+00
   1.2215217e+00  -1.5594205e+00   1.9542756e+00  -1.9650165e+00   1.9037881e+00  -1.9653341e+00   1.9547956e+00  -1.5592603e+00
   8.8952015e-01  -1.2316618e+00   1.6699580e+00  -1.7235131e+00   1.6750198e+00  -1.7237601e+00   1.6703689e+00  -1.2314975e+00
   5.8478223e-01  -9.2783358e-01   1.4044180e+00  -1.4981362e+00   1.4618985e+00  -1.4983483e+00   1.4047485e+00  -9.2767668e-01
   3.0604858e-01  -6.4684302e-01   1.1566584e+00  -1.2878964e+00   1.2634418e+00  -1.2880940e+00   1.1569262e+00  -6.4669925e-01
   5.1938006e-02  -3.8747882e-01   9.2555956e-01  -1.0916755e+00   1.0785286e+00  -1.0918598e+00   9.2577138e-01  -3.8734957e-01
  -1.7888744e-01  -1.4857481e-01   7.1005252e-01  -9.0840760e-01   9.0609044e-01  -9.0856362e-01   7.1020524e-01  -1.4845757e-01
  -3.8744605e-01   7.0701539e-02   5.0944241e-01  -7.3741436e-01   7.4544638e-01  -7.3753007e-01   5.0953356e-01   7.0809625e-02
  -5.7461282e-01   2.7103326e-01   3.2320205e-01  -5.7819099e-01   5.9608927e-01  -5.7826612e-01   3.2323440e-01   2.7113379e-01
  -7.4126616e-01   4.5310590e-01   1.5080307e-01  -4.3023224e-01   4.5751080e-01  -4.3027751e-01   1.5078420e-01   4.5319939e-01
  -8.8834539e-01   6.1765315e-01  -8.3122972e-03  -2.9301290e-01   3.2917331e-01  -2.9303914e-01  -8.3766537e-03   6.1774213e-01
  -1.0168367e+00   7.6544578e-01  -1.5472448e-01  -1.6599245e-01   2.1051651e-01  -1.6600217e-01  -1.5483552e-01   7.6553709e-01
  -1.1277259e+00   8.9725391e-01  -2.8901254e-01  -4.8632012e-02   1.0098164e-01  -4.8619306e-02  -2.8917837e-01   8.9735863e-01
  -1.2219350e+00   1.0137851e+00  -4.1167978e-01   5.9527825e-02   9.0354877e-05   5.9572215e-02  -4.1190913e-01   1.0139123e+00
  -1.3003033e+00   1.1156654e+00  -5.2313108e-01   1.5884325e-01  -9.2531195e-02   1.5892535e-01  -5.2342518e-01   1.1158144e+00
  -1.3636644e+00   1.2035158e+00  -6.2376473e-01   2.4966355e-01  -1.7724986e-01   2.4978571e-01  -6.2411678e-01   1.2036752e+00
  -1.4128523e+00   1.2779591e+00  -7.1397908e-01   3.3233836e-01  -2.5443072e-01   3.3249862e-01  -7.1437642e-01   1.2781122e+00
  -1.4487008e+00   1.3396225e+00  -7.9417249e-01   4.0721808e-01  -3.2443498e-01   4.0740878e-01  -7.9460156e-01   1.3397592e+00
  -1.4720440e+00   1.3891341e+00  -8.6474335e-01   4.7465321e-01  -3.8762326e-01   4.7486079e-01  -8.6519033e-01   1.3892522e+00
  -1.4837064e+00   1.4271143e+00  -9.2608009e-01   5.3498017e-01  -4.4434128e-01   5.3518756e-01  -9.2653182e-01   1.4272176e+00
  -1.4844737e+00   1.4541533e+00  -9.7853148e-01   5.8847897e-01  -4.9487488e-01   5.8867532e-01  -9.7897888e-01   1.4542445e+00
  -1.4751222e+00   1.4708338e+00  -1.0224363e+00   6.3541555e-01  -5.3949499e-01   6.3559861e-01  -1.0228753e+00   1.4709124e+00
  -1.4564249e+00   1.4777383e+00  -1.0581345e+00   6.7605665e-01  -5.7847080e-01   6.7623218e-01  -1.0585660e+00   1.4778013e+00
  -1.4291306e+00   1.4754467e+00  -1.0859742e+00   7.1067528e-01  -6.1205910e-01   7.1085222e-01  -1.0864035e+00   1.4754961e+00
  -1.3939775e+00   1.4645382e+00  -1.1063072e+00   7.3954720e-01  -6.4051104e-01   7.3973559e-01  -1.1067437e+00   1.4645836e+00
  -1.3517022e+00   1.4455915e+00  -1.1194856e+00   7.6294739e-01  -6.6407667e-01   7.6315789e-01  -1.1199422e+00   1.4456496e+00
  -1.3030217e+00   1.4191826e+00  -1.1258659e+00   7.8113847e-01  -6.8298921e-01   7.8137589e-01  -1.1263495e+00   1.4192660e+00
  -1.2486378e+00   1.3858850e+00  -1.1258079e+00   7.9437358e-01  -6.9746900e-01   7.9463186e-01  -1.1263121e+00   1.3859936e+00
  -1.1892509e+00   1.3462719e+00  -1.1196713e+00   8.0290538e-01  -7.0773575e-01   8.0316769e-01  -1.1201763e+00   1.3463929e+00
  -1.1255295e+00   1.3009002e+00  -1.1078106e+00   8.0697682e-01  -7.1399913e-01   8.0722529e-01  -1.1082945e+00   1.3010176e+00
  -1.0581000e+00   1.2503061e+00  -1.0905734e+00   8.0681826e-01  -7.1645567e-01   8.0704660e-01  -1.0910267e+00   1.2504125e+00
  -9.8758623e-01   1.1950243e+00  -1.0683070e+00   8.0265924e-01  -7.1530104e-01   8.0287352e-01  -1.0687330e+00   1.1951216e+00
  -9.1460222e-01   1.1355880e+00  -1.0413657e+00   7.9472988e-01  -7.1072778e-01   7.9494306e-01  -1.0417761e+00   1.1356836e+00
  -8.3974020e-01   1.0725271e+00  -1.0101201e+00   7.8326172e-01  -7.0292150e-01   7.8348130e-01  -1.0105234e+00   1.0726249e+00
  -7.6358949e-01   1.0063708e+00  -9.7494285e-01   7.6848647e-01  -6.9206682e-01   7.6871281e-01  -9.7534285e-01   1.0064699e+00
  -6.8672318e-01   9.3764014e-01  -9.3620238e-01   7.5063036e-01  -6.7834645e-01   7.5085817e-01  -9.3659835e-01   9.3773583e-01
  -6.0964938e-01   8.6682217e-01  -8.9424965e-01   7.2989770e-01  -6.6193521e-01   7.3012185e-01  -8.9463733e-01   8.6691015e-01
  -5.3285996e-01   7.9439553e-01  -8.4943131e-01   7.0648734e-01  -6.4300600e-01   7.0670430e-01  -8.4980311e-01   7.9447283e-01
  -4.5684309e-01   7.2083639e-01  -8.0209499e-01   6.8060044e-01  -6.2173369e-01   6.8080800e-01  -8.0244062e-01   7.2090128e-01
  -3.8205955e-01   6.4660283e-01  -7.5259579e-01   6.5245524e-01  -5.9830808e-01   6.5265045e-01  -7.5290698e-01   6.4665403e-01
  -3.0895785e-01   5.7214482e-01  -7.0129214e-01   6.2227762e-01  -5.7292564e-01   6.2245591e-01  -7.0156477e-01   5.7218114e-01
  -2.3798150e-01   4.9790899e-01  -6.4854044e-01   5.9029217e-01  -5.4578246e-01   5.9044757e-01  -6.4877447e-01   4.9792946e-01
  -1.6950039e-01   4.2429304e-01  -5.9466684e-01   5.5670316e-01  -5.1706858e-01   5.5683272e-01  -5.9486512e-01   4.2429872e-01
  -1.0382769e-01   3.5165701e-01  -5.3997414e-01   5.2169924e-01  -4.8696941e-01   5.2180633e-01  -5.4014158e-01   3.5165238e-01
  -4.1274513e-02   2.8035948e-01  -4.8476444e-01   4.8546894e-01  -4.5567036e-01   4.8556320e-01  -4.8490789e-01   2.8035238e-01
   1.7872827e-02   2.1074097e-01  -4.2933556e-01   4.4821082e-01  -4.2336330e-01   4.4830264e-01  -4.2946114e-01   2.1073842e-01
   7.3360184e-02   1.4311849e-01  -3.7397975e-01   4.1013657e-01  -3.9024838e-01   4.1022986e-01  -3.7408944e-01   1.4312137e-01
   1.2493574e-01   7.7807374e-02  -3.1898883e-01   3.7145870e-01  -3.5652631e-01   3.7155044e-01  -3.1908023e-01   7.7810017e-02
   1.7238437e-01   1.5093669e-02  -2.6463842e-01   3.3238511e-01  -3.2239380e-01   3.3246828e-01  -2.6470687e-01   1.5087382e-02
   2.1557287e-01  -4.4801870e-02  -2.1116808e-01   2.9311336e-01  -2.8803860e-01   2.9318356e-01  -2.1121140e-01  -4.4821036e-02
   2.5437910e-01  -1.0166732e-01  -1.5881246e-01   2.5383964e-01  -2.5364730e-01   2.5389597e-01  -1.5883157e-01  -1.0169752e-01
   2.8869745e-01  -1.5530339e-01  -1.0779874e-01   2.1475876e-01  -2.1940326e-01   2.1480313e-01  -1.0779704e-01  -1.5533848e-01
   3.1848843e-01  -2.0556120e-01  -5.8324157e-02   1.7606015e-01  -1.8547707e-01   1.7609449e-01  -5.8304894e-02  -2.0559673e-01
   3.4372908e-01  -2.5230453e-01  -1.0578457e-02   1.3793190e-01  -1.5203613e-01   1.3795746e-01  -1.0544096e-02  -2.5233922e-01
   3.6440507e-01  -2.9540372e-01   3.5252520e-02   1.0056116e-01  -1.1924633e-01   1.0057853e-01   3.5300295e-02  -2.9543924e-01
   3.8056581e-01  -3.3477785e-01   7.9011865e-02   6.4128247e-02  -8.7262473e-02   6.4137455e-02   7.9072044e-02  -3.3481698e-01
   3.9228929e-01  -3.7036786e-01   1.2055564e-01   2.8810440e-02  -5.6234389e-02   2.8810966e-02   1.2062784e-01  -3.7041367e-01
   3.9965619e-01  -4.0211726e-01   1.5974148e-01  -5.2160855e-03  -2.6310178e-02  -5.2252068e-03   1.5982590e-01  -4.0217295e-01
   4.0278598e-01  -4.3000699e-01   1.9644993e-01  -3.7791131e-02   2.3876247e-03  -3.7810051e-02   1.9654671e-01  -4.3007328e-01
   4.0182793e-01  -4.5404676e-01   2.3057913e-01  -6.8766806e-02   2.9756158e-02  -6.8793889e-02   2.3068785e-01  -4.5411992e-01
   3.9693288e-01  -4.7424763e-01   2.6202821e-01  -9.7995894e-02   5.5693328e-02  -9.8027744e-02   2.6214789e-01  -4.7431951e-01
   3.8828341e-01  -4.9064356e-01   2.9071687e-01  -1.2534520e-01   8.0107195e-02  -1.2537857e-01   2.9084653e-01  -4.9070601e-01
   3.7610325e-01  -5.0329825e-01   3.1659159e-01  -1.5069973e-01   1.0291900e-01  -1.5073400e-01   3.1673094e-01  -5.0334881e-01
   3.6061893e-01  -5.1227748e-01   3.3960064e-01  -1.7394578e-01   1.2405095e-01  -1.7398315e-01   3.3975015e-01  -5.1231972e-01
   3.4206479e-01  -5.1766046e-01   3.5970340e-01  -1.9498549e-01   1.4344014e-01  -1.9502930e-01   3.5986354e-01  -5.1770117e-01
   3.2069254e-01  -5.1955632e-01   3.7688396e-01  -2.1375625e-01   1.6105689e-01  -2.1380743e-01   3.7705358e-01  -5.1959935e-01
   2.9675626e-01  -5.1807830e-01   3.9112973e-01  -2.3020026e-01   1.7687605e-01  -2.3025680e-01   3.9130585e-01  -5.1812363e-01
   2.7051451e-01  -5.1334512e-01   4.0243612e-01  -2.4426857e-01   1.9087706e-01  -2.4432630e-01   4.0261467e-01  -5.1338980e-01
   2.4224384e-01  -5.0549766e-01   4.1083048e-01  -2.5594774e-01   2.0305791e-01  -2.5600339e-01   4.1100930e-01  -5.0553940e-01
   2.1222525e-01  -4.9468232e-01   4.1634811e-01  -2.6523318e-01   2.1342121e-01  -2.6528518e-01   4.1652775e-01  -4.9472037e-01
   1.8073971e-01  -4.8104783e-01   4.1902784e-01  -2.7212498e-01   2.2197206e-01  -2.7217351e-01   4.1921102e-01  -4.8108300e-01
   1.4806757e-01  -4.6476010e-01   4.1893434e-01  -2.7665759e-01   2.2873395e-01  -2.7670520e-01   4.1912234e-01  -4.6479495e-01
   1.1448893e-01  -4.4599270e-01   4.1614390e-01  -2.7888088e-01   2.3373862e-01  -2.7893279e-01   4.1633485e-01  -4.4603165e-01
   8.0283692e-02  -4.2492005e-01   4.1073450e-01  -2.7884701e-01   2.3701872e-01  -2.7891069e-01   4.1092364e-01  -4.2496906e-01
   4.5728494e-02  -4.0172822e-01   4.0280878e-01  -2.7664140e-01   2.3862052e-01  -2.7672068e-01   4.0299153e-01  -4.0179061e-01
   1.1097504e-02  -3.7661225e-01   3.9248836e-01  -2.7237504e-01   2.3860070e-01  -2.7246558e-01   3.9266271e-01  -3.7668547e-01
  -2.3335464e-02  -3.4976745e-01   3.7989566e-01  -2.6615981e-01   2.3701631e-01  -2.6624918e-01   3.8006220e-01  -3.4984310e-01
  -5.7307852e-02  -3.2139024e-01   3.6516572e-01  -2.5811680e-01   2.3392859e-01  -2.5819209e-01   3.6532550e-01  -3.2145934e-01
  -9.0571713e-02  -2.9167853e-01   3.4844996e-01  -2.4837904e-01   2.2940415e-01  -2.4843677e-01   3.4860166e-01  -2.9173823e-01
  -1.2288012e-01  -2.6083030e-01   3.2990095e-01  -2.3708038e-01   2.2351000e-01  -2.3712714e-01   3.3004074e-01  -2.6088438e-01
  -1.5399503e-01  -2.2904535e-01   3.0967893e-01  -2.2436369e-01   2.1631676e-01  -2.2441144e-01   3.0980238e-01  -2.2910061e-01
  -1.8369819e-01  -1.9652739e-01   2.8796128e-01  -2.1039186e-01   2.0790309e-01  -2.1044751e-01   2.8806775e-01  -1.9658575e-01
  -2.1177403e-01  -1.6348072e-01   2.6492775e-01  -1.9533051e-01   1.9834878e-01  -1.9539450e-01   2.6502090e-01  -1.6353811e-01
  -2.3801410e-01  -1.3010767e-01   2.4075882e-01  -1.7934514e-01   1.8773386e-01  -1.7941265e-01   2.4084498e-01  -1.3015576e-01
  -2.6223840e-01  -9.6602887e-02   2.1563807e-01  -1.6260077e-01   1.7613945e-01  -1.6266666e-01   2.1571934e-01  -9.6635813e-02
  -2.8427404e-01  -6.3159093e-02   1.8974987e-01  -1.4526229e-01   1.6364697e-01  -1.4532233e-01   1.8982244e-01  -6.3175156e-02
  -3.0395332e-01  -2.9966890e-02   1.6327798e-01  -1.2749373e-01   1.5033959e-01  -1.2754473e-01   1.6333321e-01  -2.9968272e-02
  -3.2114673e-01   2.7987519e-03   1.3640184e-01  -1.0945260e-01   1.3631370e-01  -1.0949344e-01   1.3643437e-01   2.8080571e-03
  -3.3574190e-01   3.4969869e-02   1.0929895e-01  -9.1293521e-02   1.2167158e-01  -9.1325625e-02   1.0931028e-01   3.4984983e-02
  -3.4762851e-01   6.6379190e-02   8.2146242e-02  -7.3170326e-02   1.0651553e-01  -7.3197454e-02   8.2144302e-02   6.6394572e-02
  -3.5672591e-01   9.6869345e-02   5.5111868e-02  -5.5225579e-02   9.0947634e-02  -5.5250871e-02   5.5104184e-02   9.6881999e-02
  -3.6297626e-01   1.2629058e-01   2.8357270e-02  -3.7593157e-02   7.5069781e-02  -3.7616852e-02   2.8345684e-02   1.2630253e-01
  -3.6632307e-01   1.5449382e-01   2.0434069e-03  -2.0406419e-02   5.8984051e-02  -2.0425856e-02   2.0240420e-03   1.5451205e-01
  -3.6673947e-01   1.8134885e-01  -2.3680704e-02  -3.7872271e-03   4.2799869e-02  -3.7991201e-03  -2.3713537e-02   1.8138020e-01
  -3.6423704e-01   2.0674997e-01  -4.8681554e-02   1.2157494e-02   2.6636192e-02   1.2154092e-02  -4.8730280e-02   2.0679452e-01
  -3.5883003e-01   2.3059315e-01  -7.2826711e-02   2.7321853e-02   1.0612626e-02   2.7325364e-02  -7.2890162e-02   2.3064380e-01
  -3.5055188e-01   2.5278275e-01  -9.5992362e-02   4.1607919e-02  -5.1493169e-03   4.1615399e-02  -9.6067062e-02   2.5282957e-01
  -3.3947888e-01   2.7324182e-01  -1.1807392e-01   5.4935510e-02  -2.0523868e-02   5.4945259e-02  -1.1815697e-01   2.7328174e-01
  -3.2569310e-01   2.9189595e-01  -1.3896942e-01   6.7226849e-02  -3.5384684e-02   6.7238759e-02  -1.3905885e-01   2.9193408e-01
  -3.0928667e-01   3.0867784e-01  -1.5858156e-01   7.8409178e-02  -4.9605592e-02   7.8424365e-02  -1.5867647e-01   3.0872470e-01
  -2.9039199e-01   3.2354852e-01  -1.7683188e-01   8.8429830e-02  -6.3061108e-02   8.8449146e-02  -1.7693276e-01   3.2360910e-01
  -2.6915150e-01   3.3647615e-01  -1.9364662e-01   9.7241158e-02  -7.5625916e-02   9.7264821e-02  -1.9375541e-01   3.3654713e-01
  -2.4571218e-01   3.4743134e-01  -2.0895460e-01   1.0479800e-01  -8.7176361e-02   1.0482565e-01  -2.0907434e-01   3.4750235e-01
  -2.2025432e-01   3.5640298e-01  -2.2270387e-01   1.1107352e-01  -9.7601035e-02   1.1110469e-01  -2.2283563e-01   3.5646569e-01
  -1.9297318e-01   3.6338817e-01  -2.3485111e-01   1.1604913e-01  -1.0679402e-01   1.1608342e-01  -2.3499259e-01   3.6344034e-01
  -1.6406516e-01   3.6838502e-01  -2.4535374e-01   1.1970742e-01  -1.1465068e-01   1.1974445e-01  -2.4549961e-01   3.6843019e-01
  -1.3374284e-01   3.7140601e-01  -2.5418016e-01   1.2204823e-01  -1.2108486e-01   1.2208688e-01  -2.5432583e-01   3.7144854e-01
  -1.0223127e-01   3.7247473e-01  -2.6130718e-01   1.2308474e-01  -1.2602471e-01   1.2312249e-01  -2.6145184e-01   3.7251594e-01
  -6.9756006e-02   3.7161526e-01  -2.6671217e-01   1.2283073e-01  -1.2939933e-01   1.2286374e-01  -2.6685875e-01   3.7165340e-01
  -3.6549773e-02   3.6886010e-01  -2.7038564e-01   1.2131185e-01  -1.3116104e-01   1.2133706e-01  -2.7053705e-01   3.6889308e-01
  -2.8546548e-03   3.6425268e-01  -2.7233520e-01   1.1856906e-01  -1.3129241e-01   1.1858702e-01  -2.7248948e-01   3.6428157e-01
   3.1086667e-02   3.5783715e-01  -2.7256959e-01   1.1464444e-01  -1.2977808e-01   1.1465943e-01  -2.7271960e-01   3.5786643e-01
   6.5035383e-02   3.4966262e-01  -2.7110201e-01   1.0959020e-01  -1.2662468e-01   1.0960784e-01  -2.7123879e-01   3.4969774e-01
   9.8761326e-02   3.3978913e-01  -2.6795554e-01   1.0348124e-01  -1.2188785e-01   1.0350304e-01  -2.6807586e-01   3.3983112e-01
   1.3203550e-01   3.2827824e-01  -2.6315463e-01   9.6395515e-02  -1.1562986e-01   9.6418168e-02  -2.6326201e-01   3.2832295e-01
   1.6463343e-01   3.1519267e-01  -2.5672891e-01   8.8415197e-02  -1.0792474e-01   8.8432131e-02  -2.5683169e-01   3.1523261e-01
   1.9634872e-01   3.0059991e-01  -2.4872887e-01   7.9639368e-02  -9.8893635e-02   7.9646912e-02  -2.4883261e-01   3.0063135e-01
   2.2697953e-01   2.8456866e-01  -2.3921022e-01   7.0171329e-02  -8.8669455e-02   7.0170267e-02  -2.3931579e-01   2.8459339e-01
   2.5632783e-01   2.6716912e-01  -2.2823112e-01   6.0116044e-02  -7.7389973e-02   6.0110976e-02  -2.2833514e-01   2.6719371e-01
   2.8422402e-01   2.4848268e-01  -2.1586779e-01   4.9590754e-02  -6.5228900e-02   4.9585401e-02  -2.1596614e-01   2.4851279e-01
   3.1051125e-01   2.2859576e-01  -2.0220457e-01   3.8718205e-02  -5.2376055e-02   3.8713301e-02  -2.0229394e-01   2.2863356e-01
   3.3503446e-01   2.0759544e-01  -1.8732650e-01   2.7621421e-02  -3.9022652e-02   2.7614843e-02  -1.8740440e-01   2.0763968e-01
   3.5766490e-01   1.8557804e-01  -1.7132829e-01   1.6427209e-02  -2.5379650e-02   1.6416022e-02  -1.7139360e-01   1.8562560e-01
   3.7829409e-01   1.6264705e-01  -1.5431216e-01   5.2652839e-03  -1.1673202e-02   5.2473215e-03  -1.5436545e-01   1.6269404e-01
   3.9681454e-01   1.3890618e-01  -1.3638083e-01  -5.7346728e-03   1.8703215e-03  -5.7607613e-03  -1.3642441e-01   1.3894805e-01
   4.1313834e-01   1.1446162e-01  -1.1765075e-01  -1.6447285e-02   1.5031309e-02  -1.6481722e-02  -1.1768674e-01   1.1449438e-01
   4.2720299e-01   8.9422710e-02  -9.8256128e-02  -2.6752765e-02   2.7598933e-02  -2.6794243e-02  -9.8284111e-02   8.9444608e-02
   4.3894777e-01   6.3899060e-02  -7.8332378e-02  -3.6531737e-02   3.9363016e-02  -3.6577392e-02  -7.8349237e-02   6.3910662e-02
   4.4832534e-01   3.8006512e-02  -5.8016459e-02  -4.5672104e-02   5.0126673e-02  -4.5718607e-02  -5.8018052e-02   3.8010269e-02
   4.5531829e-01   1.1874847e-02  -3.7448769e-02  -5.4078021e-02   5.9722682e-02  -5.4123998e-02  -3.7433682e-02   1.1874106e-02
   4.5991325e-01  -1.4364275e-02  -1.6770179e-02  -6.1655837e-02   6.7987835e-02  -6.1702203e-02  -1.6740227e-02  -1.4365401e-02
   4.6210275e-01  -4.0579200e-02   3.8769127e-03  -6.8316553e-02   7.4773101e-02  -6.8365913e-02   3.9172506e-03  -4.0576814e-02
   4.6190305e-01  -6.6638328e-02   2.4343969e-02  -7.3989767e-02   7.9986176e-02  -7.4044042e-02   2.4389830e-02  -6.6632658e-02
   4.5933632e-01  -9.2410066e-02   4.4480919e-02  -7.8609723e-02   8.3548935e-02  -7.8669559e-02   4.4527629e-02  -9.2406443e-02
   4.5442755e-01  -1.1776320e-01   6.4138343e-02  -8.2114974e-02   8.5391099e-02  -8.2179747e-02   6.4181830e-02  -1.1777094e-01
   4.4722261e-01  -1.4256932e-01   8.3171620e-02  -8.4475892e-02   8.5500390e-02  -8.4543763e-02   8.3211491e-02  -1.4259338e-01
   4.3777671e-01  -1.6670124e-01   1.0143828e-01  -8.5677109e-02   8.3890522e-02  -8.5745051e-02   1.0147920e-01  -1.6673855e-01
   4.2614629e-01  -1.9003216e-01   1.1879655e-01  -8.5704453e-02   8.0578906e-02  -8.5768468e-02   1.1884786e-01  -1.9007214e-01
   4.1240522e-01  -2.1244036e-01   1.3511504e-01  -8.4560580e-02   7.5636432e-02  -8.4619024e-02   1.3518488e-01  -2.1247379e-01
   3.9664078e-01  -2.3380805e-01   1.5027033e-01  -8.2261101e-02   6.9175162e-02  -8.2317238e-02   1.5036112e-01  -2.3383394e-01
   3.7894082e-01  -2.5401779e-01   1.6413956e-01  -7.8822516e-02   6.1308950e-02  -7.8884429e-02   1.6424795e-01  -2.5404334e-01
   3.5940146e-01  -2.7296098e-01   1.7661363e-01  -7.4282856e-02   5.2180243e-02  -7.4357497e-02   1.7673357e-01  -2.7299644e-01
   3.3812954e-01  -2.9054049e-01   1.8760136e-01  -6.8708118e-02   4.1968632e-02  -6.8793582e-02   1.8772797e-01  -2.9059241e-01
   3.1523266e-01  -3.0666002e-01   1.9701277e-01  -6.2166198e-02   3.0856256e-02  -6.2251229e-02   1.9714266e-01  -3.0673079e-01
   2.9082439e-01  -3.2123151e-01   2.0476782e-01  -5.4730733e-02   1.9038746e-02  -5.4800316e-02   2.0489877e-01  -3.2131944e-01
   2.6503167e-01  -3.3418534e-01   2.1080853e-01  -4.6488171e-02   6.7418489e-03  -4.6536004e-02   2.1093895e-01  -3.3428487e-01
   2.3798326e-01  -3.4545434e-01   2.1507994e-01  -3.7526697e-02  -5.8046188e-03  -3.7556873e-02   2.1520873e-01  -3.4555610e-01
   2.0981117e-01  -3.5497498e-01   2.1753589e-01  -2.7939696e-02  -1.8372627e-02  -2.7963722e-02   2.1766235e-01  -3.5506811e-01
   1.8066057e-01  -3.6269807e-01   2.1816550e-01  -1.7841382e-02  -3.0741300e-02  -1.7866218e-02   2.1828878e-01  -3.6277966e-01
   1.5067988e-01  -3.6857801e-01   2.1696672e-01  -7.3511720e-03  -4.2691552e-02  -7.3762417e-03   2.1708568e-01  -3.6865549e-01
   1.2001771e-01  -3.7257241e-01   2.1394152e-01   3.4112713e-03  -5.4007693e-02   3.3930918e-03   2.1405483e-01  -3.7266181e-01
   8.8823820e-02  -3.7466255e-01   2.0912167e-01   1.4324477e-02  -6.4499147e-02   1.4319568e-02   2.0922828e-01  -3.7477582e-01
   5.7248523e-02  -3.7484034e-01   2.0255226e-01   2.5266162e-02  -7.3986591e-02   2.5276892e-02   2.0265170e-01  -3.7497964e-01
   2.5442236e-02  -3.7309870e-01   1.9428031e-01   3.6113995e-02  -8.2293318e-02   3.6138857e-02   1.9437262e-01  -3.7325685e-01
  -6.4429089e-03  -3.6944526e-01   1.8438023e-01   4.6744971e-02  -8.9280975e-02   4.6780839e-02   1.8446557e-01  -3.6961224e-01
  -3.8253460e-02  -3.6389899e-01   1.7294757e-01   5.7035563e-02  -9.4840730e-02   5.7079430e-02   1.7302592e-01  -3.6406697e-01
  -6.9836043e-02  -3.5647942e-01   1.6007886e-01   6.6862449e-02  -9.8865502e-02   6.6911470e-02   1.6015002e-01  -3.5664286e-01
  -1.0104157e-01  -3.4721751e-01   1.4588814e-01   7.6110812e-02  -1.0128678e-01   7.6162145e-02   1.4595176e-01  -3.4737214e-01
  -1.3172654e-01  -3.3615905e-01   1.3051220e-01   8.4676882e-02  -1.0208616e-01   8.4727478e-02   1.3056785e-01  -3.3630048e-01
  -1.6174781e-01  -3.2335083e-01   1.1408936e-01   9.2457668e-02  -1.0124869e-01   9.2504265e-02   1.1413657e-01  -3.2347450e-01
  -1.9096547e-01  -3.0884704e-01   9.6764703e-02   9.9358553e-02  -9.8785182e-02   9.9398677e-02   9.6803360e-02  -3.0894885e-01
  -2.1924677e-01  -2.9271833e-01   7.8698385e-02   1.0530361e-01  -9.4763910e-02   1.0533782e-01   7.8729728e-02  -2.9279613e-01
  -2.4645992e-01  -2.7503756e-01   6.0052595e-02   1.1021944e-01  -8.9260911e-02   1.1025161e-01   6.0079337e-02  -2.7509134e-01
  -2.7247735e-01  -2.5588214e-01   4.0991834e-02   1.1403952e-01  -8.2363946e-02   1.1407588e-01   4.1017106e-02  -2.5591376e-01
  -2.9718842e-01  -2.3534768e-01   2.1689828e-02   1.1672479e-01  -7.4207667e-02   1.1676994e-01   2.1712968e-02  -2.3535981e-01
  -3.2048667e-01  -2.1353433e-01   2.3226123e-03   1.1824304e-01  -6.4938444e-02   1.1829899e-01   2.3381087e-03  -2.1353014e-01
  -3.4226752e-01  -1.9054421e-01  -1.6934627e-02   1.1856611e-01  -5.4706265e-02   1.1863244e-01  -1.6936201e-02  -1.9052707e-01
  -3.6244001e-01  -1.6649415e-01  -3.5912984e-02   1.1769552e-01  -4.3687832e-02   1.1777082e-01  -3.5938053e-02  -1.6646497e-01
  -3.8091933e-01  -1.4150752e-01  -5.4446366e-02   1.1564609e-01  -3.2071822e-02   1.1572862e-01  -5.4495250e-02  -1.4146365e-01
  -3.9762178e-01  -1.1570820e-01  -7.2369480e-02   1.1243417e-01  -2.0047226e-02   1.1252185e-01  -7.2436712e-02  -1.1564351e-01
  -4.1248041e-01  -8.9226671e-02  -8.9528816e-02   1.0809810e-01  -7.8068463e-03   1.0818864e-01  -8.9608018e-02  -8.9133772e-02
  -4.2544110e-01  -6.2198537e-02  -1.0577993e-01   1.0269315e-01   4.4535749e-03   1.0278413e-01  -1.0586758e-01  -6.2070434e-02
  -4.3645035e-01  -3.4759678e-02  -1.2097903e-01   9.6275413e-02   1.6538505e-02   9.6364314e-02  -1.2107452e-01  -3.4589871e-02
  -4.4546462e-01  -7.0519752e-03  -1.3499872e-01   8.8917301e-02   2.8263467e-02   8.9001610e-02  -1.3510264e-01  -6.8360477e-03
  -4.5245331e-01   2.0774900e-02  -1.4773286e-01   8.0712381e-02   3.9458348e-02   8.0789760e-02  -1.4784483e-01   2.1037202e-02
  -4.5738673e-01   4.8570758e-02  -1.5907682e-01   7.1755658e-02   4.9954049e-02   7.1823957e-02  -1.5919531e-01   4.8875397e-02
  -4.6024527e-01   7.6186132e-02  -1.6893676e-01   6.2147403e-02   5.9593397e-02   6.2205147e-02  -1.6905941e-01   7.6526025e-02
  -4.6103177e-01   1.0347316e-01  -1.7724307e-01   5.1999635e-02   6.8245829e-02   5.2047115e-02  -1.7736719e-01   1.0384098e-01
  -4.5975212e-01   1.3028420e-01  -1.8392939e-01   4.1425959e-02   7.5784378e-02   4.1465380e-02  -1.8405209e-01   1.3067276e-01
  -4.5641665e-01   1.5647220e-01  -1.8893791e-01   3.0542367e-02   8.2093065e-02   3.0576973e-02  -1.8905639e-01   1.5687473e-01
  -4.5105346e-01   1.8189241e-01  -1.9224502e-01   1.9474378e-02   8.7099845e-02   1.9504949e-02  -1.9235786e-01   1.8230381e-01
  -4.4369512e-01   2.0640069e-01  -1.9383563e-01   8.3498948e-03   9.0743655e-02   8.3738755e-03  -1.9394311e-01   2.0681780e-01
  -4.3437601e-01   2.2985453e-01  -1.9369839e-01  -2.7043723e-03   9.2969558e-02  -2.6924549e-03  -1.9380232e-01   2.3027565e-01
  -4.2314398e-01   2.5212355e-01  -1.9184936e-01  -1.3570520e-02   9.3767863e-02  -1.3575957e-02  -1.9195189e-01   2.5254491e-01
  -4.1005292e-01   2.7308279e-01  -1.8831686e-01  -2.4134594e-02   9.3149161e-02  -2.4161103e-02  -1.8842000e-01   2.7349696e-01
  -3.9515795e-01   2.9260789e-01  -1.8313083e-01  -3.4283440e-02   9.1125899e-02  -3.4333121e-02  -1.8323632e-01   2.9300415e-01
  -3.7853184e-01   3.1058293e-01  -1.7634423e-01  -4.3915602e-02   8.7736847e-02  -4.3988372e-02  -1.7645237e-01   3.1095309e-01
  -3.6026098e-01   3.2689848e-01  -1.6802771e-01  -5.2938629e-02   8.3041040e-02  -5.3031781e-02  -1.6813643e-01   3.2724136e-01
  -3.4043229e-01   3.4144580e-01  -1.5825288e-01  -6.1260689e-02   7.7098708e-02  -6.1368943e-02  -1.5835773e-01   3.4176721e-01
  -3.1913894e-01   3.5413635e-01  -1.4710883e-01  -6.8804929e-02   6.9996294e-02  -6.8922840e-02  -1.4720462e-01   3.5444375e-01
  -2.9648234e-01   3.6490779e-01  -1.3470749e-01  -7.5513955e-02   6.1854295e-02  -7.5639046e-02  -1.3479033e-01   3.6520339e-01
  -2.7256440e-01   3.7369958e-01  -1.2116228e-01  -8.1331677e-02   5.2795480e-02  -8.1464640e-02  -1.2122972e-01   3.7397986e-01
  -2.4748705e-01   3.8045114e-01  -1.0658663e-01  -8.6202001e-02   4.2942620e-02  -8.6346705e-02  -1.0663767e-01   3.8070687e-01
  -2.2135221e-01   3.8510192e-01  -9.1093971e-02  -9.0068836e-02   3.2418487e-02  -9.0232322e-02  -9.1129048e-02   3.8531813e-01
  -2.2135221e-01   3.8510192e-01  -9.1093971e-02  -9.0068836e-02   3.2418487e-02  -9.0232322e-02  -9.1129048e-02   3.8531813e-01
  -2.4748705e-01   3.8045114e-01  -1.0658663e-01  -8.6202001e-02   4.2942620e-02  -8.6346705e-02  -1.0663767e-01   3.8070687e-01
  -2.7256440e-01   3.7369958e-01  -1.2116228e-01  -8.1331677e-02   5.2795480e-02  -8.1464640e-02  -1.2122972e-01   3.7397986e-01
  -2.9648234e-01   3.6490779e-01  -1.3470749e-01  -7.5513955e-02   6.1854295e-02  -7.5639046e-02  -1.3479033e-01   3.6520339e-01
  -3.1913894e-01   3.5413635e-01  -1.4710883e-01  -6.8804929e-02   6.9996294e-02  -6.8922840e-02  -1.4720462e-01   3.5444375e-01
  -3.4043229e-01   3.4144580e-01  -1.5825288e-01  -6.1260689e-02   7.7098708e-02  -6.1368943e-02  -1.5835773e-01   3.4176721e-01
  -3.6026098e-01   3.2689848e-01  -1.6802771e-01  -5.2938629e-02   8.3041040e-02  -5.3031781e-02  -1.6813643e-01   3.2724136e-01
  -3.7853184e-01   3.1058293e-01  -1.7634423e-01  -4.3915602e-02   8.7736847e-02  -4.3988372e-02  -1.7645237e-01   3.1095309e-01
  -3.9515795e-01   2.9260789e-01  -1.8313083e-01  -3.4283440e-02   9.1125899e-02  -3.4333121e-02  -1.8323632e-01   2.9300415e-01
  -4.1005292e-01   2.7308279e-01  -1.8831686e-01  -2.4134594e-02   9.3149161e-02  -2.4161103e-02  -1.8842000e-01   2.7349696e-01
  -4.2314398e-01   2.5212355e-01  -1.9184936e-01  -1.3570520e-02   9.3767863e-02  -1.3575957e-02  -1.9195189e-01   2.5254491e-01
  -4.3437601e-01   2.2985453e-01  -1.9369839e-01  -2.7043723e-03   9.2969558e-02  -2.6924549e-03  -1.9380232e-01   2.3027565e-01
  -4.4369512e-01   2.0640069e-01  -1.9383563e-01   8.3498948e-03   9.0743655e-02   8.3738755e-03  -1.9394311e-01   2.0681780e-01
  -4.5105346e-01   1.8189241e-01  -1.9224502e-01   1.9474378e-02   8.7099845e-02   1.9504949e-02  -1.9235786e-01   1.8230381e-01
  -4.5641665e-01   1.5647220e-01  -1.8893791e-01   3.0542367e-02   8.2093065e-02   3.0576973e-02  -1.8905639e-01   1.5687473e-01
  -4.5975212e-01   1.3028420e-01  -1.8392939e-01   4.1425959e-02   7.5784378e-02   4.1465380e-02  -1.8405209e-01   1.3067276e-01
  -4.6103177e-01   1.0347316e-01  -1.7724307e-01   5.1999635e-02   6.8245829e-02   5.2047115e-02  -1.7736719e-01   1.0384098e-01
  -4.6024527e-01   7.6186132e-02  -1.6893676e-01   6.2147403e-02   5.9593397e-02   6.2205147e-02  -1.6905941e-01   7.6526025e-02
  -4.5738673e-01   4.8570758e-02  -1.5907682e-01   7.1755658e-02   4.9954049e-02   7.1823957e-02  -1.5919531e-01   4.8875397e-02
  -4.5245331e-01   2.0774900e-02  -1.4773286e-01   8.0712381e-02   3.9458348e-02   8.0789760e-02  -1.4784483e-01   2.1037202e-02
  -4.4546462e-01  -7.0519752e-03  -1.3499872e-01   8.8917301e-02   2.8263467e-02   8.9001610e-02  -1.3510264e-01  -6.8360477e-03
  -4.3645035e-01  -3.4759678e-02  -1.2097903e-01   9.6275413e-02   1.6538505e-02   9.6364314e-02  -1.2107452e-01  -3.4589871e-02
  -4.2544110e-01  -6.2198537e-02  -1.0577993e-01   1.0269315e-01   4.4535749e-03   1.0278413e-01  -1.0586758e-01  -6.2070434e-02
  -4.1248041e-01  -8.9226671e-02  -8.9528816e-02   1.0809810e-01  -7.8068463e-03   1.0818864e-01  -8.9608018e-02  -8.9133772e-02
  -3.9762178e-01  -1.1570820e-01  -7.2369480e-02   1.1243417e-01  -2.0047226e-02   1.1252185e-01  -7.2436712e-02  -1.1564351e-01
  -3.8091933e-01  -1.4150752e-01  -5.4446366e-02   1.1564609e-01  -3.2071822e-02   1.1572862e-01  -5.4495250e-02  -1.4146365e-01
  -3.6244001e-01  -1.6649415e-01  -3.5912984e-02   1.1769552e-01  -4.3687832e-02   1.1777082e-01  -3.5938053e-02  -1.6646497e-01
  -3.4226752e-01  -1.9054421e-01  -1.6934627e-02   1.1856611e-01  -5.4706265e-02   1.1863244e-01  -1.6936201e-02  -1.9052707e-01
  -3.2048667e-01  -2.1353433e-01   2.3226123e-03   1.1824304e-01  -6.4938444e-02   1.1829899e-01   2.3381087e-03  -2.1353014e-01
  -2.9718842e-01  -2.3534768e-01   2.1689828e-02   1.1672479e-01  -7.4207667e-02   1.1676994e-01   2.1712968e-02  -2.3535981e-01
  -2.7247735e-01  -2.5588214e-01   4.0991834e-02   1.1403952e-01  -8.2363946e-02   1.1407588e-01   4.1017106e-02  -2.5591376e-01
  -2.4645992e-01  -2.7503756e-01   6.0052595e-02   1.1021944e-01  -8.9260911e-02   1.1025161e-01   6.0079337e-02  -2.7509134e-01
  -2.1924677e-01  -2.9271833e-01   7.8698385e-02   1.0530361e-01  -9.4763910e-02   1.0533782e-01   7.8729728e-02  -2.9279613e-01
  -1.9096547e-01  -3.0884704e-01   9.6764703e-02   9.9358553e-02  -9.8785182e-02   9.9398677e-02   9.6803360e-02  -3.0894885e-01
  -1.6174781e-01  -3.2335083e-01   1.1408936e-01   9.2457668e-02  -1.0124869e-01   9.2504265e-02   1.1413657e-01  -3.2347450e-01
  -1.3172654e-01  -3.3615905e-01   1.3051220e-01   8.4676882e-02  -1.0208616e-01   8.4727478e-02   1.3056785e-01  -3.3630048e-01
  -1.0104157e-01  -3.4721751e-01   1.4588814e-01   7.6110812e-02  -1.0128678e-01   7.6162145e-02   1.4595176e-01  -3.4737214e-01
  -6.9836043e-02  -3.5647942e-01   1.6007886e-01   6.6862449e-02  -9.8865502e-02   6.6911470e-02   1.6015002e-01  -3.5664286e-01
  -3.8253460e-02  -3.6389899e-01   1.7294757e-01   5.7035563e-02  -9.4840730e-02   5.7079430e-02   1.7302592e-01  -3.6406697e-01
  -6.4429089e-03  -3.6944526e-01   1.8438023e-01   4.6744971e-02  -8.9280975e-02   4.6780839e-02   1.8446557e-01  -3.6961224e-01
   2.5442236e-02  -3.7309870e-01   1.9428031e-01   3.6113995e-02  -8.2293318e-02   3.6138857e-02   1.9437262e-01  -3.7325685e-01
   5.7248523e-02  -3.7484034e-01   2.0255226e-01   2.5266162e-02  -7.3986591e-02   2.5276892e-02   2.0265170e-01  -3.7497964e-01
   8.8823820e-02  -3.7466255e-01   2.0912167e-01   1.4324477e-02  -6.4499147e-02   1.4319568e-02   2.0922828e-01  -3.7477582e-01
   1.2001771e-01  -3.7257241e-01   2.1394152e-01   3.4112713e-03  -5.4007693e-02   3.3930918e-03   2.1405483e-01  -3.7266181e-01
   1.5067988e-01  -3.6857801e-01   2.1696672e-01  -7.3511720e-03  -4.2691552e-02  -7.3762417e-03   2.1708568e-01  -3.6865549e-01
   1.8066057e-01  -3.6269807e-01   2.1816550e-01  -1.7841382e-02  -3.0741300e-02  -1.7866218e-02   2.1828878e-01  -3.6277966e-01
   2.0981117e-01  -3.5497498e-01   2.1753589e-01  -2.7939696e-02  -1.8372627e-02  -2.7963722e-02   2.1766235e-01  -3.5506811e-01
   2.3798326e-01  -3.4545434e-01   2.1507994e-01  -3.7526697e-02  -5.8046188e-03  -3.7556873e-02   2.1520873e-01  -3.4555610e-01
   2.6503167e-01  -3.3418534e-01   2.1080853e-01  -4.6488171e-02   6.7418489e-03  -4.6536004e-02   2.1093895e-01  -3.3428487e-01
   2.9082439e-01  -3.2123151e-01   2.0476782e-01  -5.4730733e-02   1.9038746e-02  -5.4800316e-02   2.0489877e-01  -3.2131944e-01
   3.1523266e-01  -3.0666002e-01   1.9701277e-01  -6.2166198e-02   3.0856256e-02  -6.2251229e-02   1.9714266e-01  -3.0673079e-01
   3.3812954e-01  -2.9054049e-01   1.8760136e-01  -6.8708118e-02   4.1968632e-02  -6.8793582e-02   1.8772797e-01  -2.9059241e-01
   3.5940146e-01  -2.7296098e-01   1.7661363e-01  -7.4282856e-02   5.2180243e-02  -7.4357497e-02   1.7673357e-01  -2.7299644e-01
   3.7894082e-01  -2.5401779e-01   1.6413956e-01  -7.8822516e-02   6.1308950e-02  -7.8884429e-02   1.6424795e-01  -2.5404334e-01
   3.9664078e-01  -2.3380805e-01   1.5027033e-01  -8.2261101e-02   6.9175162e-02  -8.2317238e-02   1.5036112e-01  -2.3383394e-01
   4.1240522e-01  -2.1244036e-01   1.3511504e-01  -8.4560580e-02   7.5636432e-02  -8.4619024e-02   1.3518488e-01  -2.1247379e-01
   4.2614629e-01  -1.9003216e-01   1.1879655e-01  -8.5704453e-02   8.0578906e-02  -8.5768468e-02   1.1884786e-01  -1.9007214e-01
   4.3777671e-01  -1.6670124e-01   1.0143828e-01  -8.5677109e-02   8.3890522e-02  -8.5745051e-02   1.0147920e-01  -1.6673855e-01
   4.4722261e-01  -1.4256932e-01   8.3171620e-02  -8.4475892e-02   8.5500390e-02  -8.4543763e-02   8.3211491e-02  -1.4259338e-01
   4.5442755e-01  -1.1776320e-01   6.4138343e-02  -8.2114974e-02   8.5391099e-02  -8.2179747e-02   6.4181830e-02  -1.1777094e-01
   4.5933632e-01  -9.2410066e-02   4.4480919e-02  -7.8609723e-02   8.3548935e-02  -7.8669559e-02   4.4527629e-02  -9.2406443e-02
   4.6190305e-01  -6.6638328e-02   2.4343969e-02  -7.3989767e-02   7.9986176e-02  -7.4044042e-02   2.4389830e-02  -6.6632658e-02
   4.6210275e-01  -4.0579200e-02   3.8769127e-03  -6.8316553e-02   7.4773101e-02  -6.8365913e-02   3.9172506e-03  -4.0576814e-02
   4.5991325e-01  -1.4364275e-02  -1.6770179e-02  -6.1655837e-02   6.7987835e-02  -6.1702203e-02  -1.6740227e-02  -1.4365401e-02
   4.5531829e-01   1.1874847e-02  -3.7448769e-02  -5.4078021e-02   5.9722682e-02  -5.4123998e-02  -3.7433682e-02   1.1874106e-02
   4.4832534e-01   3.8006512e-02  -5.8016459e-02  -4.5672104e-02   5.0126673e-02  -4.5718607e-02  -5.8018052e-02   3.8010269e-02
   4.3894777e-01   6.3899060e-02  -7.8332378e-02  -3.6531737e-02   3.9363016e-02  -3.6577392e-02  -7.8349237e-02   6.3910662e-02
   4.2720299e-01   8.9422710e-02  -9.8256128e-02  -2.6752765e-02   2.7598933e-02  -2.6794243e-02  -9.8284111e-02   8.9444608e-02
   4.1313834e-01   1.1446162e-01  -1.1765075e-01  -1.6447285e-02   1.5031309e-02  -1.6481722e-02  -1.1768674e-01   1.1449438e-01
   3.9681454e-01   1.3890618e-01  -1.3638083e-01  -5.7346728e-03   1.8703215e-03  -5.7607613e-03  -1.3642441e-01   1.3894805e-01
   3.7829409e-01   1.6264705e-01  -1.5431216e-01   5.2652839e-03  -1.1673202e-02   5.2473215e-03  -1.5436545e-01   1.6269404e-01
   3.5766490e-01   1.8557804e-01  -1.7132829e-01   1.6427209e-02  -2.5379650e-02   1.6416022e-02  -1.7139360e-01   1.8562560e-01
   3.3503446e-01   2.0759544e-01  -1.8732650e-01   2.7621421e-02  -3.9022652e-02   2.7614843e-02  -1.8740440e-01   2.0763968e-01
   3.1051125e-01   2.2859576e-01  -2.0220457e-01   3.8718205e-02  -5.2376055e-02   3.8713301e-02  -2.0229394e-01   2.2863356e-01
   2.8422402e-01   2.4848268e-01  -2.1586779e-01   4.9590754e-02  -6.5228900e-02   4.9585401e-02  -2.1596614e-01   2.4851279e-01
   2.5632783e-01   2.6716912e-01  -2.2823112e-01   6.0116044e-02  -7.7389973e-02   6.0110976e-02  -2.2833514e-01   2.6719371e-01
   2.2697953e-01   2.8456866e-01  -2.3921022e-01   7.0171329e-02  -8.8669455e-02   7.0170267e-02  -2.3931579e-01   2.8459339e-01
   1.9634872e-01   3.0059991e-01  -2.4872887e-01   7.9639368e-02  -9.8893635e-02   7.9646912e-02  -2.4883261e-01   3.0063135e-01
   1.6463343e-01   3.1519267e-01  -2.5672891e-01   8.8415197e-02  -1.0792474e-01   8.8432131e-02  -2.5683169e-01   3.1523261e-01
   1.3203550e-01   3.2827824e-01  -2.6315463e-01   9.6395515e-02  -1.1562986e-01   9.6418168e-02  -2.6326201e-01   3.2832295e-01
   9.8761326e-02   3.3978913e-01  -2.6795554e-01   1.0348124e-01  -1.2188785e-01   1.0350304e-01  -2.6807586e-01   3.3983112e-01
   6.5035383e-02   3.4966262e-01  -2.7110201e-01   1.0959020e-01  -1.2662468e-01   1.0960784e-01  -2.7123879e-01   3.4969774e-01
   3.1086667e-02   3.5783715e-01  -2.7256959e-01   1.1464444e-01  -1.2977808e-01   1.1465943e-01  -2.7271960e-01   3.5786643e-01
  -2.8546548e-03   3.6425268e-01  -2.7233520e-01   1.1856906e-01  -1.3129241e-01   1.1858702e-01  -2.7248948e-01   3.6428157e-01
  -3.6549773e-02   3.6886010e-01  -2.7038564e-01   1.2131185e-01  -1.3116104e-01   1.2133706e-01  -2.7053705e-01   3.6889308e-01
  -6.9756006e-02   3.7161526e-01  -2.6671217e-01   1.2283073e-01  -1.2939933e-01   1.2286374e-01  -2.6685875e-01   3.7165340e-01
  -1.0223127e-01   3.7247473e-01  -2.6130718e-01   1.2308474e-01  -1.2602471e-01   1.2312249e-01  -2.6145184e-01   3.7251594e-01
  -1.3374284e-01   3.7140601e-01  -2.5418016e-01   1.2204823e-01  -1.2108486e-01   1.2208688e-01  -2.5432583e-01   3.7144854e-01
  -1.6406516e-01   3.6838502e-01  -2.4535374e-01   1.1970742e-01  -1.1465068e-01   1.1974445e-01  -2.4549961e-01   3.6843019e-01
  -1.9297318e-01   3.6338817e-01  -2.3485111e-01   1.1604913e-01  -1.0679402e-01   1.1608342e-01  -2.3499259e-01   3.6344034e-01
  -2.2025432e-01   3.5640298e-01  -2.2270387e-01   1.1107352e-01  -9.7601035e-02   1.1110469e-01  -2.2283563e-01   3.5646569e-01
  -2.4571218e-01   3.4743134e-01  -2.0895460e-01   1.0479800e-01  -8.7176361e-02   1.0482565e-01  -2.0907434e-01   3.4750235e-01
  -2.6915150e-01   3.3647615e-01  -1.9364662e-01   9.7241158e-02  -7.5625916e-02   9.7264821e-02  -1.9375541e-01   3.3654713e-01
  -2.9039199e-01   3.2354852e-01  -1.7683188e-01   8.8429830e-02  -6.3061108e-02   8.8449146e-02  -1.7693276e-01   3.2360910e-01
  -3.0928667e-01   3.0867784e-01  -1.5858156e-01   7.8409178e-02  -4.9605592e-02   7.8424365e-02  -1.5867647e-01   3.0872470e-01
  -3.2569310e-01   2.9189595e-01  -1.3896942e-01   6.7226849e-02  -3.5384684e-02   6.7238759e-02  -1.3905885e-01   2.9193408e-01
  -3.3947888e-01   2.7324182e-01  -1.1807392e-01   5.4935510e-02  -2.0523868e-02   5.4945259e-02  -1.1815697e-01   2.7328174e-01
  -3.5055188e-01   2.5278275e-01  -9.5992362e-02   4.1607919e-02  -5.1493169e-03   4.1615399e-02  -9.6067062e-02   2.5282957e-01
  -3.5883003e-01   2.3059315e-01  -7.2826711e-02   2.7321853e-02   1.0612626e-02   2.7325364e-02  -7.2890162e-02   2.3064380e-01
  -3.6423704e-01   2.0674997e-01  -4.8681554e-02   1.2157494e-02   2.6636192e-02   1.2154092e-02  -4.8730280e-02   2.0679452e-01
  -3.6673947e-01   1.8134885e-01  -2.3680704e-02  -3.7872271e-03   4.2799869e-02  -3.7991201e-03  -2.3713537e-02   1.8138020e-01
  -3.6632307e-01   1.5449382e-01   2.0434069e-03  -2.0406419e-02   5.8984051e-02  -2.0425856e-02   2.0240420e-03   1.5451205e-01
  -3.6297626e-01   1.2629058e-01   2.8357270e-02  -3.7593157e-02   7.5069781e-02  -3.7616852e-02   2.8345684e-02   1.2630253e-01
  -3.5672591e-01   9.6869345e-02   5.5111868e-02  -5.5225579e-02   9.0947634e-02  -5.5250871e-02   5.5104184e-02   9.6881999e-02
  -3.4762851e-01   6.6379190e-02   8.2146242e-02  -7.3170326e-02   1.0651553e-01  -7.3197454e-02   8.2144302e-02   6.6394572e-02
  -3.3574190e-01   3.4969869e-02   1.0929895e-01  -9.1293521e-02   1.2167158e-01  -9.1325625e-02   1.0931028e-01   3.4984983e-02
  -3.2114673e-01   2.7987519e-03   1.3640184e-01  -1.0945260e-01   1.3631370e-01  -1.0949344e-01   1.3643437e-01   2.8080571e-03
  -3.0395332e-01  -2.9966890e-02   1.6327798e-01  -1.2749373e-01   1.5033959e-01  -1.2754473e-01   1.6333321e-01  -2.9968272e-02
  -2.8427404e-01  -6.3159093e-02   1.8974987e-01  -1.4526229e-01   1.6364697e-01  -1.4532233e-01   1.8982244e-01  -6.3175156e-02
  -2.6223840e-01  -9.6602887e-02   2.1563807e-01  -1.6260077e-01   1.7613945e-01  -1.6266666e-01   2.1571934e-01  -9.6635813e-02
  -2.3801410e-01  -1.3010767e-01   2.4075882e-01  -1.7934514e-01   1.8773386e-01  -1.7941265e-01   2.4084498e-01  -1.3015576e-01
  -2.1177403e-01  -1.6348072e-01   2.6492775e-01  -1.9533051e-01   1.9834878e-01  -1.9539450e-01   2.6502090e-01  -1.6353811e-01
  -1.8369819e-01  -1.9652739e-01   2.8796128e-01  -2.1039186e-01   2.0790309e-01  -2.1044751e-01   2.8806775e-01  -1.9658575e-01
  -1.5399503e-01  -2.2904535e-01   3.0967893e-01  -2.2436369e-01   2.1631676e-01  -2.2441144e-01   3.0980238e-01  -2.2910061e-01
  -1.2288012e-01  -2.6083030e-01   3.2990095e-01  -2.3708038e-01   2.2351000e-01  -2.3712714e-01   3.3004074e-01  -2.6088438e-01
  -9.0571713e-02  -2.9167853e-01   3.4844996e-01  -2.4837904e-01   2.2940415e-01  -2.4843677e-01   3.4860166e-01  -2.9173823e-01
  -5.7307852e-02  -3.2139024e-01   3.6516572e-01  -2.5811680e-01   2.3392859e-01  -2.5819209e-01   3.6532550e-01  -3.2145934e-01
  -2.3335464e-02  -3.4976745e-01   3.7989566e-01  -2.6615981e-01   2.3701631e-01  -2.6624918e-01   3.8006220e-01  -3.4984310e-01
   1.1097504e-02  -3.7661225e-01   3.9248836e-01  -2.7237504e-01   2.3860070e-01  -2.7246558e-01   3.9266271e-01  -3.7668547e-01
   4.5728494e-02  -4.0172822e-01   4.0280878e-01  -2.7664140e-01   2.3862052e-01  -2.7672068e-01   4.0299153e-01  -4.0179061e-01
   8.0283692e-02  -4.2492005e-01   4.1073450e-01  -2.7884701e-01   2.3701872e-01  -2.7891069e-01   4.1092364e-01  -4.2496906e-01
   1.1448893e-01  -4.4599270e-01   4.1614390e-01  -2.7888088e-01   2.3373862e-01  -2.7893279e-01   4.1633485e-01  -4.4603165e-01
   1.4806757e-01  -4.6476010e-01   4.1893434e-01  -2.7665759e-01   2.2873395e-01  -2.7670520e-01   4.1912234e-01  -4.6479495e-01
   1.8073971e-01  -4.8104783e-01   4.1902784e-01  -2.7212498e-01   2.2197206e-01  -2.7217351e-01   4.1921102e-01  -4.8108300e-01
   2.1222525e-01  -4.9468232e-01   4.1634811e-01  -2.6523318e-01   2.1342121e-01  -2.6528518e-01   4.1652775e-01  -4.9472037e-01
   2.4224384e-01  -5.0549766e-01   4.1083048e-01  -2.5594774e-01   2.0305791e-01  -2.5600339e-01   4.1100930e-01  -5.0553940e-01
   2.7051451e-01  -5.1334512e-01   4.0243612e-01  -2.4426857e-01   1.9087706e-01  -2.4432630e-01   4.0261467e-01  -5.1338980e-01
   2.9675626e-01  -5.1807830e-01   3.9112973e-01  -2.3020026e-01   1.7687605e-01  -2.3025680e-01   3.9130585e-01  -5.1812363e-01
   3.2069254e-01  -5.1955632e-01   3.7688396e-01  -2.1375625e-01   1.6105689e-01  -2.1380743e-01   3.7705358e-01  -5.1959935e-01
   3.4206479e-01  -5.1766046e-01   3.5970340e-01  -1.9498549e-01   1.4344014e-01  -1.9502930e-01   3.5986354e-01  -5.1770117e-01
   3.6061893e-01  -5.1227748e-01   3.3960064e-01  -1.7394578e-01   1.2405095e-01  -1.7398315e-01   3.3975015e-01  -5.1231972e-01
   3.7610325e-01  -5.0329825e-01   3.1659159e-01  -1.5069973e-01   1.0291900e-01  -1.5073400e-01   3.1673094e-01  -5.0334881e-01
   3.8828341e-01  -4.9064356e-01   2.9071687e-01  -1.2534520e-01   8.0107195e-02  -1.2537857e-01   2.9084653e-01  -4.9070601e-01
   3.9693288e-01  -4.7424763e-01   2.6202821e-01  -9.7995894e-02   5.5693328e-02  -9.8027744e-02   2.6214789e-01  -4.7431951e-01
   4.0182793e-01  -4.5404676e-01   2.3057913e-01  -6.8766806e-02   2.9756158e-02  -6.8793889e-02   2.3068785e-01  -4.5411992e-01
   4.0278598e-01  -4.3000699e-01   1.9644993e-01  -3.7791131e-02   2.3876247e-03  -3.7810051e-02   1.9654671e-01  -4.3007328e-01
   3.9965619e-01  -4.0211726e-01   1.5974148e-01  -5.2160855e-03  -2.6310178e-02  -5.2252068e-03   1.5982590e-01  -4.0217295e-01
   3.9228929e-01  -3.7036786e-01   1.2055564e-01   2.8810440e-02  -5.6234389e-02   2.8810966e-02   1.2062784e-01  -3.7041367e-01
   3.8056581e-01  -3.3477785e-01   7.9011865e-02   6.4128247e-02  -8.7262473e-02   6.4137455e-02   7.9072044e-02  -3.3481698e-01
   3.6440507e-01  -2.9540372e-01   3.5252520e-02   1.0056116e-01  -1.1924633e-01   1.0057853e-01   3.5300295e-02  -2.9543924e-01
   3.4372908e-01  -2.5230453e-01  -1.0578457e-02   1.3793190e-01  -1.5203613e-01   1.3795746e-01  -1.0544096e-02  -2.5233922e-01
   3.1848843e-01  -2.0556120e-01  -5.8324157e-02   1.7606015e-01  -1.8547707e-01   1.7609449e-01  -5.8304894e-02  -2.0559673e-01
   2.8869745e-01  -1.5530339e-01  -1.0779874e-01   2.1475876e-01  -2.1940326e-01   2.1480313e-01  -1.0779704e-01  -1.5533848e-01
   2.5437910e-01  -1.0166732e-01  -1.5881246e-01   2.5383964e-01  -2.5364730e-01   2.5389597e-01  -1.5883157e-01  -1.0169752e-01
   2.1557287e-01  -4.4801870e-02  -2.1116808e-01   2.9311336e-01  -2.8803860e-01   2.9318356e-01  -2.1121140e-01  -4.4821036e-02
   1.7238437e-01   1.5093669e-02  -2.6463842e-01   3.3238511e-01  -3.2239380e-01   3.3246828e-01  -2.6470687e-01   1.5087382e-02
   1.2493574e-01   7.7807374e-02  -3.1898883e-01   3.7145870e-01  -3.5652631e-01   3.7155044e-01  -3.1908023e-01   7.7810017e-02
   7.3360184e-02   1.4311849e-01  -3.7397975e-01   4.1013657e-01  -3.9024838e-01   4.1022986e-01  -3.7408944e-01   1.4312137e-01
   1.7872827e-02   2.1074097e-01  -4.2933556e-01   4.4821082e-01  -4.2336330e-01   4.4830264e-01  -4.2946114e-01   2.1073842e-01
  -4.1274513e-02   2.8035948e-01  -4.8476444e-01   4.8546894e-01  -4.5567036e-01   4.8556320e-01  -4.8490789e-01   2.8035238e-01
  -1.0382769e-01   3.5165701e-01  -5.3997414e-01   5.2169924e-01  -4.8696941e-01   5.2180633e-01  -5.4014158e-01   3.5165238e-01
  -1.6950039e-01   4.2429304e-01  -5.9466684e-01   5.5670316e-01  -5.1706858e-01   5.5683272e-01  -5.9486512e-01   4.2429872e-01
  -2.3798150e-01   4.9790899e-01  -6.4854044e-01   5.9029217e-01  -5.4578246e-01   5.9044757e-01  -6.4877447e-01   4.9792946e-01
  -3.0895785e-01   5.7214482e-01  -7.0129214e-01   6.2227762e-01  -5.7292564e-01   6.2245591e-01  -7.0156477e-01   5.7218114e-01
  -3.8205955e-01   6.4660283e-01  -7.5259579e-01   6.5245524e-01  -5.9830808e-01   6.5265045e-01  -7.5290698e-01   6.4665403e-01
  -4.5684309e-01   7.2083639e-01  -8.0209499e-01   6.8060044e-01  -6.2173369e-01   6.8080800e-01  -8.0244062e-01   7.2090128e-01
  -5.3285996e-01   7.9439553e-01  -8.4943131e-01   7.0648734e-01  -6.4300600e-01   7.0670430e-01  -8.4980311e-01   7.9447283e-01
  -6.0964938e-01   8.6682217e-01  -8.9424965e-01   7.2989770e-01  -6.6193521e-01   7.3012185e-01  -8.9463733e-01   8.6691015e-01
  -6.8672318e-01   9.3764014e-01  -9.3620238e-01   7.5063036e-01  -6.7834645e-01   7.5085817e-01  -9.3659835e-01   9.3773583e-01
  -7.6358949e-01   1.0063708e+00  -9.7494285e-01   7.6848647e-01  -6.9206682e-01   7.6871281e-01  -9.7534285e-01   1.0064699e+00
  -8.3974020e-01   1.0725271e+00  -1.0101201e+00   7.8326172e-01  -7.0292150e-01   7.8348130e-01  -1.0105234e+00   1.0726249e+00
  -9.1460222e-01   1.1355880e+00  -1.0413657e+00   7.9472988e-01  -7.1072778e-01   7.9494306e-01  -1.0417761e+00   1.1356836e+00
  -9.8758623e-01   1.1950243e+00  -1.0683070e+00   8.0265924e-01  -7.1530104e-01   8.0287352e-01  -1.0687330e+00   1.1951216e+00
  -1.0581000e+00   1.2503061e+00  -1.0905734e+00   8.0681826e-01  -7.1645567e-01   8.0704660e-01  -1.0910267e+00   1.2504125e+00
  -1.1255295e+00   1.3009002e+00  -1.1078106e+00   8.0697682e-01  -7.1399913e-01   8.0722529e-01  -1.1082945e+00   1.3010176e+00
  -1.1892509e+00   1.3462719e+00  -1.1196713e+00   8.0290538e-01  -7.0773575e-01   8.0316769e-01  -1.1201763e+00   1.3463929e+00
  -1.2486378e+00   1.3858850e+00  -1.1258079e+00   7.9437358e-01  -6.9746900e-01   7.9463186e-01  -1.1263121e+00   1.3859936e+00
  -1.3030217e+00   1.4191826e+00  -1.1258659e+00   7.8113847e-01  -6.8298921e-01   7.8137589e-01  -1.1263495e+00   1.4192660e+00
  -1.3517022e+00   1.4455915e+00  -1.1194856e+00   7.6294739e-01  -6.6407667e-01   7.6315789e-01  -1.1199422e+00   1.4456496e+00
  -1.3939775e+00   1.4645382e+00  -1.1063072e+00   7.3954720e-01  -6.4051104e-01   7.3973559e-01  -1.1067437e+00   1.4645836e+00
  -1.4291306e+00   1.4754467e+00  -1.0859742e+00   7.1067528e-01  -6.1205910e-01   7.1085222e-01  -1.0864035e+00   1.4754961e+00
  -1.4564249e+00   1.4777383e+00  -1.0581345e+00   6.7605665e-01  -5.7847080e-01   6.7623218e-01  -1.0585660e+00   1.4778013e+00
  -1.4751222e+00   1.4708338e+00  -1.0224363e+00   6.3541555e-01  -5.3949499e-01   6.3559861e-01  -1.0228753e+00   1.4709124e+00
  -1.4844737e+00   1.4541533e+00  -9.7853148e-01   5.8847897e-01  -4.9487488e-01   5.8867532e-01  -9.7897888e-01   1.4542445e+00
  -1.4837064e+00   1.4271143e+00  -9.2608009e-01   5.3498017e-01  -4.4434128e-01   5.3518756e-01  -9.2653182e-01   1.4272176e+00
  -1.4720440e+00   1.3891341e+00  -8.6474335e-01   4.7465321e-01  -3.8762326e-01   4.7486079e-01  -8.6519033e-01   1.3892522e+00
  -1.4487008e+00   1.3396225e+00  -7.9417249e-01   4.0721808e-01  -3.2443498e-01   4.0740878e-01  -7.9460156e-01   1.3397592e+00
  -1.4128523e+00   1.2779591e+00  -7.1397908e-01   3.3233836e-01  -2.5443072e-01   3.3249862e-01  -7.1437642e-01   1.2781122e+00
  -1.3636644e+00   1.2035158e+00  -6.2376473e-01   2.4966355e-01  -1.7724986e-01   2.4978571e-01  -6.2411678e-01   1.2036752e+00
  -1.3003033e+00   1.1156654e+00  -5.2313108e-01   1.5884325e-01  -9.2531195e-02   1.5892535e-01  -5.2342518e-01   1.1158144e+00
  -1.2219350e+00   1.0137851e+00  -4.1167978e-01   5.9527825e-02   9.0354877e-05   5.9572215e-02  -4.1190913e-01   1.0139123e+00
  -1.1277259e+00   8.9725391e-01  -2.8901254e-01  -4.8632012e-02   1.0098164e-01  -4.8619306e-02  -2.8917837e-01   8.9735863e-01
  -1.0168367e+00   7.6544578e-01  -1.5472448e-01  -1.6599245e-01   2.1051651e-01  -1.6600217e-01  -1.5483552e-01   7.6553709e-01
  -8.8834539e-01   6.1765315e-01  -8.3122972e-03  -2.9301290e-01   3.2917331e-01  -2.9303914e-01  -8.3766537e-03   6.1774213e-01
  -7.4126616e-01   4.5310590e-01   1.5080307e-01  -4.3023224e-01   4.5751080e-01  -4.3027751e-01   1.5078420e-01   4.5319939e-01
  -5.7461282e-01   2.7103326e-01   3.2320205e-01  -5.7819099e-01   5.9608927e-01  -5.7826612e-01   3.2323440e-01   2.7113379e-01
  -3.8744605e-01   7.0701539e-02   5.0944241e-01  -7.3741436e-01   7.4544638e-01  -7.3753007e-01   5.0953356e-01   7.0809625e-02
  -1.7888744e-01  -1.4857481e-01   7.1005252e-01  -9.0840760e-01   9.0609044e-01  -9.0856362e-01   7.1020524e-01  -1.4845757e-01
   5.1938006e-02  -3.8747882e-01   9.2555956e-01  -1.0916755e+00   1.0785286e+00  -1.0918598e+00   9.2577138e-01  -3.8734957e-01
   3.0604858e-01  -6.4684302e-01   1.1566584e+00  -1.2878964e+00   1.2634418e+00  -1.2880940e+00   1.1569262e+00  -6.4669925e-01
   5.8478223e-01  -9.2783358e-01   1.4044180e+00  -1.4981362e+00   1.4618985e+00  -1.4983483e+00   1.4047485e+00  -9.2767668e-01
   8.8952015e-01  -1.2316618e+00   1.6699580e+00  -1.7235131e+00   1.6750198e+00  -1.7237601e+00   1.6703689e+00  -1.2314975e+00
   1.2215217e+00  -1.5594205e+00   1.9542756e+00  -1.9650165e+00   1.9037881e+00  -1.9653341e+00   1.9547956e+00  -1.5592603e+00
   1.5815587e+00  -1.9117286e+00   2.2578786e+00  -2.2231212e+00   2.1486330e+00  -2.2235451e+00   2.2585463e+00  -1.9115950e+00
   1.9702814e+00  -2.2890868e+00   2.5811524e+00  -2.4981730e+00   2.4098453e+00  -2.4987354e+00   2.5820163e+00  -2.2890144e+00
   2.3886593e+00  -2.6923273e+00   2.9248448e+00  -2.7909038e+00   2.6881080e+00  -2.7916321e+00   2.9259598e+00  -2.6923594e+00
   2.8400227e+00  -3.1247350e+00   3.2923825e+00  -3.1048980e+00   2.9870019e+00  -3.1058058e+00   3.2937845e+00  -3.1248953e+00
   3.3287599e+00  -3.5906940e+00   3.6883927e+00  -3.4450184e+00   3.3114064e+00  -3.4461016e+00   3.6900874e+00  -3.5909742e+00
   3.8588548e+00  -4.0941765e+00   4.1170574e+00  -3.8156465e+00   3.6657074e+00  -3.8168839e+00   4.1190214e+00  -4.0945379e+00
   4.4281603e+00  -4.6329145e+00   4.5758100e+00  -4.2138698e+00   4.0468123e+00  -4.2152375e+00   4.5780105e+00  -4.6333149e+00
   5.0298103e+00  -5.1998362e+00   5.0568893e+00  -4.6311607e+00   4.4458720e+00  -4.6326429e+00   5.0592984e+00  -5.2002506e+00
   5.6573022e+00  -5.7882429e+00   5.5529383e+00  -5.0594280e+00   4.8544837e+00  -5.0610170e+00   5.5555340e+00  -5.7886636e+00
   6.3229903e+00  -6.4107356e+00   6.0775160e+00  -5.5131411e+00   5.2873599e+00  -5.5148399e+00   6.0802923e+00  -6.4111630e+00
   7.0637244e+00  -7.1049871e+00   6.6713519e+00  -6.0360774e+00   5.7892406e+00  -6.0379024e+00   6.6743314e+00  -7.1054173e+00
   7.9177727e+00  -7.9101222e+00   7.3767496e+00  -6.6737115e+00   6.4066046e+00  -6.6756925e+00   7.3799844e+00  -7.9105461e+00
   8.8770184e+00  -8.8179019e+00   8.1847206e+00  -7.4161057e+00   7.1291259e+00  -7.4182678e+00   8.1882624e+00  -8.8183084e+00
   9.8298535e+00  -9.7144131e+00   8.9718373e+00  -8.1296900e+00   7.8197403e+00  -8.1320125e+00   8.9756710e+00  -9.7147949e+00
   1.0650667e+01  -1.0471444e+01   9.5991877e+00  -8.6641662e+00   8.3242347e+00  -8.6665768e+00   9.6032226e+00  -1.0471799e+01
   1.1247518e+01  -1.0994690e+01   9.9639611e+00  -8.9080155e+00   8.5280993e+00  -8.9104022e+00   9.9680485e+00  -1.0995017e+01
   1.1663147e+01  -1.1325478e+01   1.0107752e+01  -8.9048366e+00   8.4756373e+00  -8.9070944e+00   1.0111757e+01  -1.1325767e+01
   1.1973962e+01  -1.1539040e+01   1.0108258e+01  -8.7370077e+00   8.2508550e+00  -8.7390502e+00   1.0112076e+01  -1.1539267e+01
   1.2252947e+01  -1.1707448e+01   1.0040153e+01  -8.4837308e+00   7.9345105e+00  -8.4854927e+00   1.0043714e+01  -1.1707581e+01
   1.2547764e+01  -1.1879420e+01   9.9557963e+00  -8.2007338e+00   7.5833567e+00  -8.2021905e+00   9.9590705e+00  -1.1879429e+01
   1.2894722e+01  -1.2093207e+01   9.8975422e+00  -7.9332235e+00   7.2433870e+00  -7.9344000e+00   9.9005445e+00  -1.2093070e+01
   1.3326966e+01  -1.2383725e+01   9.9039995e+00  -7.7222959e+00   6.9563618e+00  -7.7232666e+00   9.9067925e+00  -1.2383436e+01
   1.3831054e+01  -1.2736792e+01   9.9584373e+00  -7.5482759e+00   6.7014611e+00  -7.5491715e+00   9.9611635e+00  -1.2736408e+01
   1.4357684e+01  -1.3100424e+01   1.0001524e+01  -7.3447069e+00   6.4096906e+00  -7.3457190e+00   1.0004431e+01  -1.3100107e+01
   1.4857080e+01  -1.3422138e+01   9.9733746e+00  -7.0445534e+00   6.0114726e+00  -7.0459307e+00   9.9768122e+00  -1.3422154e+01
   1.5297018e+01  -1.3667820e+01   9.8352161e+00  -6.6050447e+00   5.4627151e+00  -6.6069518e+00   9.8394279e+00  -1.3668378e+01
   1.5668071e+01  -1.3827218e+01   9.5756990e+00  -6.0149315e+00   4.7524333e+00  -6.0172649e+00   9.5805575e+00  -1.3828269e+01
   1.5962504e+01  -1.3891853e+01   9.1854976e+00  -5.2652633e+00   3.8720456e+00  -5.2676401e+00   9.1904870e+00  -1.3893078e+01
   1.6208948e+01  -1.3891300e+01   8.6957506e+00  -4.3878321e+00   2.8533555e+00  -4.3897792e+00   8.7002305e+00  -1.3892282e+01
   1.6517156e+01  -1.3940031e+01   8.2278783e+00  -3.5053320e+00   1.8182711e+00  -3.5067080e+00   8.2316723e+00  -1.3940644e+01
   1.7007858e+01  -1.4164008e+01   7.9155166e+00  -2.7527569e+00   9.0089235e-01  -2.7538091e+00   7.9189918e+00  -1.4164470e+01
   1.7745191e+01  -1.4630383e+01   7.8302863e+00  -2.2029374e+00   1.7388508e-01  -2.2041531e+00   7.8341485e+00  -1.4631129e+01
   1.8566918e+01  -1.5171070e+01   7.7957482e+00  -1.6800526e+00  -5.3582052e-01  -1.6815644e+00   7.8002216e+00  -1.5172249e+01
   1.9254209e+01  -1.5559172e+01   7.5734477e+00  -9.4611838e-01  -1.4627282e+00  -9.4755522e-01   7.5780705e+00  -1.5560527e+01
   1.9619897e+01  -1.5601702e+01   6.9638229e+00   1.9377906e-01  -2.7967735e+00   1.9319078e-01   6.9675801e+00  -1.5602644e+01
   1.9710858e+01  -1.5356262e+01   6.0547515e+00   1.6162381e+00  -4.3985042e+00   1.6169283e+00   6.0570599e+00  -1.5356478e+01
   1.9678860e+01  -1.4992775e+01   5.0629427e+00   3.0551870e+00  -5.9808359e+00   3.0569075e+00   5.0640924e+00  -1.4992492e+01
   1.9669512e+01  -1.4674161e+01   4.1959391e+00   4.2559761e+00  -7.2690510e+00   4.2578433e+00   4.1970386e+00  -1.4674116e+01
   1.9728856e+01  -1.4450679e+01   3.5150317e+00   5.1449273e+00  -8.1838994e+00   5.1460878e+00   3.5171585e+00  -1.4451577e+01
   1.9826284e+01  -1.4285858e+01   2.9689267e+00   5.7876759e+00  -8.7966021e+00   5.7878182e+00   2.9724729e+00  -1.4287961e+01
   1.9929418e+01  -1.4141238e+01   2.5038230e+00   6.2528279e+00  -9.1815199e+00   6.2521881e+00   2.5084875e+00  -1.4144359e+01
   2.0013759e+01  -1.3987788e+01   2.0810277e+00   6.5851854e+00  -9.3846044e+00   6.5842407e+00   2.0861607e+00  -1.3991478e+01
   2.0065044e+01  -1.3808722e+01   1.6814744e+00   6.7986278e+00  -9.4149023e+00   6.7976986e+00   1.6865248e+00  -1.3812518e+01
   2.0069799e+01  -1.3588175e+01   1.2874586e+00   6.9050153e+00  -9.2790950e+00   6.9042391e+00   1.2920044e+00  -1.3591616e+01
   2.0037938e+01  -1.3332115e+01   8.9204308e-01   6.9262782e+00  -9.0052847e+00   6.9256858e+00   8.9580438e-01  -1.3334831e+01
   2.0031542e+01  -1.3095216e+01   5.1231256e-01   6.9068142e+00  -8.6693666e+00   6.9064995e+00   5.1518144e-01  -1.3097135e+01
   2.0119752e+01  -1.2938744e+01   1.6860214e-01   6.8940610e+00  -8.3537025e+00   6.8942043e+00   1.7064684e-01  -1.2940118e+01
   2.0328362e+01  -1.2884897e+01  -1.3504601e-01   6.9128409e+00  -8.0975655e+00   6.9136518e+00  -1.3362207e-01  -1.2886202e+01
   2.0509788e+01  -1.2799604e+01  -4.5976150e-01   6.8975147e+00  -7.7678744e+00   6.8990049e+00  -4.5878323e-01  -1.2801133e+01
   2.0473097e+01  -1.2509730e+01  -8.8296687e-01   6.7598281e+00  -7.1884593e+00   6.7617541e+00  -8.8232845e-01  -1.2511492e+01
   2.0078202e+01  -1.1889265e+01  -1.4601219e+00   6.4366194e+00  -6.2338718e+00   6.4385250e+00  -1.4597764e+00  -1.1891019e+01
   1.9560788e+01  -1.1160490e+01  -2.0843677e+00   6.0501790e+00  -5.1535271e+00   6.0517066e+00  -2.0842513e+00  -1.1162021e+01
   1.9324961e+01  -1.0701796e+01  -2.5760937e+00   5.8059171e+00  -4.3648553e+00   5.8069478e+00  -2.5760913e+00  -1.0703028e+01
   1.9735643e+01  -1.0855080e+01  -2.7727453e+00   5.8895062e+00  -4.2454654e+00   5.8901464e+00  -2.7726958e+00  -1.0856080e+01
   2.0559556e+01  -1.1405229e+01  -2.7721107e+00   6.1854142e+00  -4.5652675e+00   6.1857924e+00  -2.7718864e+00  -1.1406123e+01
   2.1102931e+01  -1.1708336e+01  -2.8723907e+00   6.3462411e+00  -4.6263637e+00   6.3463512e+00  -2.8719577e+00  -1.1709256e+01
   2.0674210e+01  -1.1122624e+01  -3.3707028e+00   6.0257339e+00  -3.7332772e+00   6.0254341e+00  -3.3701216e+00  -1.1123702e+01
   1.9128388e+01  -9.5178628e+00  -4.3216369e+00   5.1541010e+00  -1.7524571e+00   5.1532242e+00  -4.3210076e+00  -9.5192034e+00
   1.7030445e+01  -7.4283389e+00  -5.4647319e+00   4.0206840e+00   7.1968601e-01   4.0191807e+00  -5.4641229e+00  -7.4299814e+00
   1.4992815e+01  -5.4327504e+00  -6.5184709e+00   2.9388257e+00   3.0379567e+00   2.9367739e+00  -6.5179145e+00  -5.4346651e+00
   1.3627930e+01  -4.1097951e+00  -7.2013372e+00   2.2218691e+00   4.5571598e+00   2.2194743e+00  -7.2008293e+00  -4.1118836e+00
   1.3548220e+01  -4.0381710e+00  -7.2318139e+00   2.1831569e+00   4.6320999e+00   2.1807521e+00  -7.2313144e+00  -4.0402661e+00
   1.5366120e+01  -5.7965758e+00  -6.3283844e+00   3.1360322e+00   2.6175817e+00   3.1340778e+00  -6.3278166e+00  -5.7984417e+00
