  -4.8516716e-01  -2.7849972e-01   1.0575845e-01   5.0786575e-01   7.3583368e-01   5.0770083e-01   1.0568178e-01  -2.7849153e-01
  -6.3869630e-01  -3.6693201e-01   1.4023722e-01   6.7104739e-01   9.7122683e-01   6.7083527e-01   1.4014106e-01  -3.6691937e-01
  -7.8772166e-01  -4.5304386e-01   1.7376677e-01   8.3010105e-01   1.2004008e+00   8.2984475e-01   1.7365319e-01  -4.5302623e-01
  -7.6645938e-01  -4.4180830e-01   1.7084162e-01   8.1286395e-01   1.1733226e+00   8.1262563e-01   1.7074170e-01  -4.4178696e-01
  -7.4401081e-01  -4.3021956e-01   1.6636427e-01   7.9258258e-01   1.1426013e+00   7.9235997e-01   1.6627553e-01  -4.3019545e-01
  -7.2038763e-01  -4.1826206e-01   1.6055362e-01   7.6952256e-01   1.1084942e+00   7.6931381e-01   1.6047422e-01  -4.1823609e-01
  -6.9549134e-01  -4.0587456e-01   1.5344710e-01   7.4367100e-01   1.0709402e+00   7.4347424e-01   1.5337526e-01  -4.0584769e-01
  -6.6949573e-01  -3.9315132e-01   1.4511336e-01   7.1520991e-01   1.0301981e+00   7.1502355e-01   1.4504761e-01  -3.9312439e-01
  -6.4284580e-01  -3.8033883e-01   1.3565433e-01   6.8452188e-01   9.8685311e-01   6.8434492e-01   1.3559383e-01  -3.8031244e-01
  -6.1587917e-01  -3.6761851e-01   1.2501924e-01   6.5177991e-01   9.4125005e-01   6.5161171e-01   1.2496351e-01  -3.6759307e-01
  -5.8896850e-01  -3.5519560e-01   1.1318767e-01   6.1721611e-01   8.9381413e-01   6.1705640e-01   1.1313658e-01  -3.5517128e-01
  -5.6263563e-01  -3.4335311e-01   1.0034397e-01   5.8138587e-01   8.4535560e-01   5.8123505e-01   1.0029809e-01  -3.4332983e-01
  -5.3712042e-01  -3.3220691e-01   8.6537130e-02   5.4454082e-01   7.9626251e-01   5.4439976e-01   8.6497528e-02  -3.3218438e-01
  -5.1234042e-01  -3.2169097e-01   7.1737819e-02   5.0666683e-01   7.4652067e-01   5.0653621e-01   7.1705360e-02  -3.2166901e-01
  -4.8827420e-01  -3.1178464e-01   5.6085633e-02   4.6795999e-01   6.9634577e-01   4.6784008e-01   5.6060734e-02  -3.1176326e-01
  -4.6491105e-01  -3.0246937e-01   3.9674556e-02   4.2857070e-01   6.4591072e-01   4.2846114e-01   3.9656959e-02  -3.0244888e-01
  -4.4218299e-01  -2.9368072e-01   2.2509033e-02   3.8852664e-01   5.9524306e-01   3.8842663e-01   2.2498053e-02  -2.9366161e-01
  -4.1997738e-01  -2.8533052e-01   4.7120647e-03   3.4796725e-01   5.4446316e-01   3.4787596e-01   4.7069253e-03  -2.8531325e-01
  -3.9820040e-01  -2.7734614e-01  -1.3583516e-02   3.0704525e-01   4.9370911e-01   3.0696237e-01  -1.3583152e-02  -2.7733090e-01
  -3.7680553e-01  -2.6968245e-01  -3.2344708e-02   2.6581055e-01   4.4302725e-01   2.6573642e-01  -3.2338590e-02  -2.6966912e-01
  -3.5572424e-01  -2.6226212e-01  -5.1454317e-02   2.2440693e-01   3.9254719e-01   2.2434251e-01  -5.1441528e-02  -2.6225026e-01
  -3.3487447e-01  -2.5499693e-01  -7.0738693e-02   1.8303673e-01   3.4245012e-01   1.8298315e-01  -7.0718053e-02  -2.5498602e-01
  -3.1422131e-01  -2.4784980e-01  -9.0140445e-02   1.4177102e-01   2.9279773e-01   1.4172915e-01  -9.0110908e-02  -2.4783947e-01
  -2.9375233e-01  -2.4077198e-01  -1.0954114e-01   1.0074982e-01   2.4371249e-01   1.0071987e-01  -1.0950221e-01  -2.4076213e-01
  -2.7344051e-01  -2.3367988e-01  -1.2871774e-01   6.0228929e-02   1.9541937e-01   6.0210732e-02  -1.2866934e-01  -2.3367054e-01
  -2.5326777e-01  -2.2653472e-01  -1.4759568e-01   2.0301292e-02   1.4799765e-01   2.0294547e-02  -1.4753787e-01  -2.2652594e-01
  -2.3325559e-01  -2.1930895e-01  -1.6606093e-01  -1.8915956e-02   1.0153585e-01  -1.8911447e-02  -1.6599382e-01  -2.1930071e-01
  -2.1344586e-01  -2.1193790e-01  -1.8382970e-01  -5.7132026e-02   5.6267762e-02  -5.7116516e-02  -1.8375363e-01  -2.1193019e-01
  -1.9385084e-01  -2.0437996e-01  -2.0081397e-01  -9.4228185e-02   1.2289634e-02  -9.4201966e-02  -2.0072946e-01  -2.0437280e-01
  -1.7450595e-01  -1.9661671e-01  -2.1693350e-01  -1.3013075e-01  -3.0359374e-02  -1.3009415e-01  -2.1684111e-01  -1.9661017e-01
  -1.5551447e-01  -1.8860979e-01  -2.3183014e-01  -1.6454375e-01  -7.1479410e-02  -1.6449718e-01  -2.3173052e-01  -1.8860395e-01
  -1.3693754e-01  -1.8032383e-01  -2.4541006e-01  -1.9730799e-01  -1.1095896e-01  -1.9725196e-01  -2.4530367e-01  -1.8031870e-01
  -1.1880798e-01  -1.7174286e-01  -2.5772102e-01  -2.2841969e-01  -1.4881247e-01  -2.2835468e-01  -2.5760817e-01  -1.7173843e-01
  -1.0126897e-01  -1.6285581e-01  -2.6825084e-01  -2.5761339e-01  -1.8490517e-01  -2.5753996e-01  -2.6813222e-01  -1.6285202e-01
  -8.4446663e-02  -1.5364841e-01  -2.7650376e-01  -2.8466946e-01  -2.1911646e-01  -2.8458822e-01  -2.7638057e-01  -1.5364523e-01
  -6.8354159e-02  -1.4410796e-01  -2.8276072e-01  -3.0968143e-01  -2.5150545e-01  -3.0959294e-01  -2.8263416e-01  -1.4410542e-01
  -5.3141050e-02  -1.3424780e-01  -2.8708362e-01  -3.3245463e-01  -2.8201606e-01  -3.3235951e-01  -2.8695498e-01  -1.3424591e-01
  -3.9007639e-02  -1.2408925e-01  -2.8929098e-01  -3.5268466e-01  -3.1052286e-01  -3.5258359e-01  -2.8916161e-01  -1.2408800e-01
  -2.5922647e-02  -1.1363202e-01  -2.8913344e-01  -3.7062045e-01  -3.3711684e-01  -3.7051410e-01  -2.8900448e-01  -1.1363131e-01
  -1.3998001e-02  -1.0290876e-01  -2.8677977e-01  -3.8616423e-01  -3.6181416e-01  -3.8605329e-01  -2.8665195e-01  -1.0290844e-01
  -3.5229230e-03  -9.1985019e-02  -2.8217904e-01  -3.9872979e-01  -3.8447300e-01  -3.9861510e-01  -2.8205316e-01  -9.1985093e-02
   5.6604440e-03  -8.0882682e-02  -2.7481397e-01  -4.0855097e-01  -4.0520816e-01  -4.0843332e-01  -2.7469138e-01  -8.0884012e-02
   1.3519129e-02  -6.9647549e-02  -2.6450160e-01  -4.1598763e-01  -4.2409123e-01  -4.1586770e-01  -2.6438370e-01  -6.9650455e-02
   1.9499487e-02  -5.8389071e-02  -2.5188143e-01  -4.2086199e-01  -4.4092721e-01  -4.2074057e-01  -2.5176886e-01  -5.8391376e-02
   2.3593436e-02  -4.7161960e-02  -2.3702025e-01  -4.2304275e-01  -4.5584192e-01  -4.2292205e-01  -2.3691204e-01  -4.7156624e-02
   2.6209272e-02  -3.6015812e-02  -2.1962654e-01  -4.2287779e-01  -4.6897614e-01  -4.2276098e-01  -2.1952115e-01  -3.5994592e-02
   2.7425455e-02  -2.5086184e-02  -2.0014656e-01  -4.2045852e-01  -4.8002242e-01  -4.2034847e-01  -2.0004310e-01  -2.5044707e-02
   2.7141029e-02  -1.4456149e-02  -1.7887971e-01  -4.1561856e-01  -4.8893016e-01  -4.1551562e-01  -1.7877979e-01  -1.4398461e-02
   2.5465854e-02  -4.1582871e-03  -1.5576106e-01  -4.0813636e-01  -4.9603057e-01  -4.0803852e-01  -1.5566847e-01  -4.0945482e-03
   2.2500130e-02   5.6639165e-03  -1.3113769e-01  -3.9839911e-01  -5.0123328e-01  -3.9830286e-01  -1.3105736e-01   5.7204015e-03
   1.8189236e-02   1.4884974e-02  -1.0542861e-01  -3.8672088e-01  -5.0432995e-01  -3.8662340e-01  -1.0536443e-01   1.4924599e-02
   1.2238708e-02   2.3504985e-02  -7.8730063e-02  -3.7285060e-01  -5.0542867e-01  -3.7275050e-01  -7.8684013e-02   2.3524659e-02
   4.9239525e-03   3.1391772e-02  -5.1352965e-02  -3.5690793e-01  -5.0466701e-01  -3.5680660e-01  -5.1324210e-02   3.1396659e-02
  -3.2129117e-03   3.8381462e-02  -2.3776956e-02  -3.3933814e-01  -5.0198131e-01  -3.3923885e-01  -2.3763167e-02   3.8379731e-02
  -1.2119103e-02   4.4582413e-02   3.8358297e-03  -3.2012976e-01  -4.9703886e-01  -3.2003565e-01   3.8366650e-03   4.4580382e-02
  -2.1789950e-02   4.9883378e-02   3.1239752e-02  -2.9928024e-01  -4.8989993e-01  -2.9919270e-01   3.1228274e-02   4.9882680e-02
  -3.1882617e-02   5.3899249e-02   5.7951610e-02  -2.7712013e-01  -4.8082057e-01  -2.7703934e-01   5.7928031e-02   5.3899830e-02
  -4.2268922e-02   5.6715057e-02   8.3809497e-02  -2.5372918e-01  -4.6956435e-01  -2.5365504e-01   8.3774046e-02   5.6716394e-02
  -5.2859596e-02   5.8557447e-02   1.0865127e-01  -2.2912949e-01  -4.5591161e-01  -2.2906226e-01   1.0860460e-01   5.8559477e-02
  -6.3359715e-02   5.9450964e-02   1.3201951e-01  -2.0357900e-01  -4.4026543e-01  -2.0351897e-01   1.3196257e-01   5.9453659e-02
  -7.3628433e-02   5.9266398e-02   1.5379092e-01  -1.7720183e-01  -4.2267129e-01  -1.7714928e-01   1.5372471e-01   5.9269632e-02
  -8.3587637e-02   5.8109570e-02   1.7393654e-01  -1.5003805e-01  -4.0293640e-01  -1.4999325e-01   1.7386192e-01   5.8113090e-02
  -9.2973063e-02   5.5997058e-02   1.9203567e-01  -1.2229375e-01  -3.8129924e-01  -1.2225690e-01   1.9195348e-01   5.6000642e-02
  -1.0165586e-01   5.2806518e-02   2.0801260e-01  -9.4120497e-02  -3.5790331e-01  -9.4091716e-02   2.0792365e-01   5.2810056e-02
  -1.0963374e-01   4.8307365e-02   2.2205831e-01  -6.5569396e-02  -3.3267039e-01  -6.5548751e-02   2.2196332e-01   4.8310862e-02
  -1.1665203e-01   4.2768029e-02   2.3371074e-01  -3.6809073e-02  -3.0579244e-01  -3.6796566e-02   2.3361047e-01   4.2771527e-02
  -1.2248849e-01   3.6464146e-02   2.4252681e-01  -8.0121948e-03  -2.7749728e-01  -8.0077926e-03   2.4242204e-01   3.6467662e-02
  -1.2727141e-01   2.9322749e-02   2.4897214e-01   2.0763658e-02  -2.4779291e-01   2.0759978e-02   2.4886359e-01   2.9326253e-02
  -1.3094159e-01   2.1377303e-02   2.5326447e-01   4.9379151e-02  -2.1684015e-01   4.9367416e-02   2.5315292e-01   2.1380734e-02
  -1.3329922e-01   1.2836871e-02   2.5533702e-01   7.7640906e-02  -1.8492219e-01   7.7621186e-02   2.5522350e-01   1.2840168e-02
  -1.3436167e-01   3.7319057e-03   2.5510231e-01   1.0548907e-01  -1.5211672e-01   1.0546146e-01   2.5498814e-01   3.7350405e-03
  -1.3427086e-01  -5.8789883e-03   2.5286941e-01   1.3281157e-01  -1.1856209e-01   1.3277622e-01   2.5275597e-01  -5.8759918e-03
  -1.3301646e-01  -1.5794251e-02   2.4865012e-01   1.5939171e-01  -8.4565451e-02   1.5934842e-01   2.4853858e-01  -1.5790312e-02
  -1.3043319e-01  -2.5939769e-02   2.4208643e-01   1.8516969e-01  -5.0250342e-02   1.8511581e-01   2.4197732e-01  -2.5927768e-02
  -1.2656047e-01  -3.6242550e-02   2.3310656e-01   2.1006614e-01  -1.5738260e-02   2.1000092e-01   2.3300050e-01  -3.6219990e-02
  -1.2159772e-01  -4.6494710e-02   2.2238034e-01   2.3384251e-01   1.8661817e-02   2.3377299e-01   2.2227909e-01  -4.6477965e-02
  -1.1552475e-01  -5.6592407e-02   2.1009931e-01   2.5643870e-01   5.2779125e-02   2.5638513e-01   2.1000853e-01  -5.6633076e-02
  -1.0823557e-01  -6.6467628e-02   1.9607684e-01   2.7782531e-01   8.6516556e-02   2.7781007e-01   1.9600393e-01  -6.6624181e-02
  -1.0001160e-01  -7.5917081e-02   1.8065457e-01   2.9773888e-01   1.1961400e-01   2.9777224e-01   1.8060451e-01  -7.6216514e-02
  -9.1031766e-02  -8.4841449e-02   1.6406110e-01   3.1608308e-01   1.5191274e-01   3.1615266e-01   1.6403185e-01  -8.5250805e-02
  -8.1265325e-02  -9.3225943e-02   1.4624949e-01   3.3291437e-01   1.8337484e-01   3.3299278e-01   1.4623338e-01  -9.3673116e-02
  -7.0882173e-02  -1.0085494e-01   1.2743539e-01   3.4795420e-01   2.1379275e-01   3.4800684e-01   1.2742151e-01  -1.0124831e-01
  -6.0094159e-02  -1.0756133e-01   1.0790744e-01   3.6104929e-01   2.4295607e-01   3.6105223e-01   1.0788750e-01  -1.0783645e-01
  -4.8955256e-02  -1.1342953e-01   8.7751832e-02   3.7246803e-01   2.7083757e-01   3.7241500e-01   8.7722648e-02  -1.1356751e-01
  -3.7626143e-02  -1.1825219e-01   6.7178694e-02   3.8188431e-01   2.9727111e-01   3.8179068e-01   6.7144173e-02  -1.1829126e-01
  -2.6346946e-02  -1.2167245e-01   4.6484287e-02   3.8865953e-01   3.2203164e-01   3.8854729e-01   4.6451600e-02  -1.2166877e-01
  -1.5191122e-02  -1.2380282e-01   2.5759452e-02   3.9313088e-01   3.4516203e-01   3.9301572e-01   2.5734695e-02  -1.2379649e-01
  -4.2941777e-03  -1.2480223e-01   5.1234665e-03   3.9565767e-01   3.6661787e-01   3.9554284e-01   5.1084963e-03  -1.2480038e-01
   6.0796669e-03  -1.2464063e-01  -1.5158424e-02   3.9623703e-01   3.8616532e-01   3.9612261e-01  -1.5163989e-02  -1.2464235e-01
   1.5879408e-02  -1.2313490e-01  -3.4989728e-02   3.9457979e-01   4.0389608e-01   3.9446525e-01  -3.4986763e-02  -1.2313733e-01
   2.5008974e-02  -1.2037776e-01  -5.4269439e-02   3.9091461e-01   4.1984597e-01   3.9080026e-01  -5.4258101e-02  -1.2038035e-01
   3.3155034e-02  -1.1640738e-01  -7.2733980e-02   3.8522207e-01   4.3372655e-01   3.8510842e-01  -7.2714393e-02  -1.1640992e-01
   4.0325541e-02  -1.1104485e-01  -9.0291403e-02   3.7710331e-01   4.4573108e-01   3.7699104e-01  -9.0263785e-02  -1.1104710e-01
   4.6539516e-02  -1.0410736e-01  -1.0690275e-01   3.6617136e-01   4.5601870e-01   3.6606131e-01  -1.0686741e-01  -1.0410906e-01
   5.1401195e-02  -9.5948991e-02  -1.2232493e-01   3.5305675e-01   4.6406007e-01   3.5294953e-01  -1.2228230e-01  -9.5950086e-02
   5.4717657e-02  -8.6765267e-02  -1.3646309e-01   3.3807682e-01   4.6966934e-01   3.3797295e-01  -1.3641363e-01  -8.6765834e-02
   5.6757172e-02  -7.6448768e-02  -1.4937073e-01   3.2094976e-01   4.7339543e-01   3.2084991e-01  -1.4931483e-01  -7.6448911e-02
   5.7578271e-02  -6.5155036e-02  -1.6082869e-01   3.0183704e-01   4.7541794e-01   3.0174188e-01  -1.6076678e-01  -6.5154820e-02
   5.7114892e-02  -5.3103893e-02  -1.7070489e-01   2.8102390e-01   4.7569828e-01   2.8093397e-01  -1.7063736e-01  -5.3103294e-02
   5.5315902e-02  -4.0315175e-02  -1.7921849e-01   2.5844545e-01   4.7419409e-01   2.5836129e-01  -1.7914565e-01  -4.0314071e-02
   5.2309228e-02  -2.6935064e-02  -1.8616259e-01   2.3422883e-01   4.7106903e-01   2.3415091e-01  -1.8608506e-01  -2.6933277e-02
   4.8098432e-02  -1.3220571e-02  -1.9110166e-01   2.0869007e-01   4.6622459e-01   2.0861876e-01  -1.9102045e-01  -1.3217963e-02
   4.2445205e-02   7.4666921e-04  -1.9430803e-01   1.8187911e-01   4.5917846e-01   1.8181479e-01  -1.9422390e-01   7.5014847e-04
   3.5416424e-02   1.4829226e-02  -1.9607520e-01   1.5390783e-01   4.4991872e-01   1.5385089e-01  -1.9598867e-01   1.4833517e-02
   2.7483029e-02   2.8746821e-02  -1.9641662e-01   1.2510610e-01   4.3906111e-01   1.2505689e-01  -1.9632814e-01   2.8751827e-02
   1.8737069e-02   4.2398105e-02  -1.9518034e-01   9.5597083e-02   4.2659900e-01   9.5555912e-02  -1.9509057e-01   4.2403808e-02
   9.1504207e-03   5.5670367e-02  -1.9257334e-01   6.5490812e-02   4.1227820e-01   6.5457955e-02  -1.9248280e-01   5.5676790e-02
  -9.6383292e-04   6.8273513e-02  -1.8861608e-01   3.5108120e-02   3.9634460e-01   3.5083742e-02  -1.8852535e-01   6.8280564e-02
  -1.1447630e-02   8.0116500e-02  -1.8309136e-01   4.6192375e-03   3.7883570e-01   4.6034329e-03  -1.8300104e-01   8.0123901e-02
  -2.2229046e-02   9.1151129e-02  -1.7579061e-01  -2.5875160e-02   3.5963709e-01  -2.5882332e-02  -1.7570135e-01   9.1158509e-02
  -3.3016624e-02   1.0108359e-01  -1.6716658e-01  -5.6084246e-02   3.3891119e-01  -5.6082798e-02  -1.6707869e-01   1.0109060e-01
  -4.3613431e-02   1.0986481e-01  -1.5747318e-01  -8.5805110e-02   3.1675032e-01  -8.5795091e-02  -1.5738708e-01   1.0987133e-01
  -5.3945177e-02   1.1759423e-01  -1.4657298e-01  -1.1496344e-01   2.9309715e-01  -1.1494490e-01  -1.4648955e-01   1.1760035e-01
  -6.3731096e-02   1.2389042e-01  -1.3459160e-01  -1.4331694e-01   2.6807509e-01  -1.4328996e-01  -1.3451195e-01   1.2389625e-01
  -7.2751042e-02   1.2838747e-01  -1.2173540e-01  -1.7063821e-01   2.4182830e-01  -1.7060296e-01  -1.2166049e-01   1.2839294e-01
  -8.1034497e-02   1.3142204e-01  -1.0800010e-01  -1.9689349e-01   2.1435001e-01  -1.9685018e-01  -1.0793068e-01   1.3142708e-01
  -8.8282306e-02   1.3318065e-01  -9.3482297e-02  -2.2190707e-01   1.8574616e-01  -2.2185591e-01  -9.3418739e-02   1.3318509e-01
  -9.4027394e-02   1.3366203e-01  -7.8385871e-02  -2.4542855e-01   1.5620848e-01  -2.4536971e-01  -7.8328353e-02   1.3366573e-01
  -9.8382519e-02   1.3275480e-01  -6.2762222e-02  -2.6747550e-01   1.2578000e-01  -2.6740913e-01  -6.2711003e-02   1.3275760e-01
  -1.0146342e-01   1.3066325e-01  -4.6692542e-02  -2.8795511e-01   9.4561360e-02  -2.8788130e-01  -4.6648097e-02   1.3066516e-01
  -1.0317144e-01   1.2736449e-01  -3.0377143e-02  -3.0658104e-01   6.2784118e-02  -3.0649993e-01  -3.0339987e-02   1.2736542e-01
  -1.0330158e-01   1.2258553e-01  -1.3895739e-02  -3.2343973e-01   3.0537890e-02  -3.2335156e-01  -1.3866380e-02   1.2258528e-01
  -1.0198283e-01   1.1624588e-01   2.6764462e-03  -3.3853771e-01  -2.0776269e-03  -3.3844281e-01   2.6976211e-03   1.1624418e-01
  -9.9216235e-02   1.0889321e-01   1.9143389e-02  -3.5149980e-01  -3.4807288e-02  -3.5139850e-01   1.9156168e-02   1.0889001e-01
  -9.4741632e-02   1.0072077e-01   3.5408638e-02  -3.6244474e-01  -6.7518468e-02  -3.6233720e-01   3.5412892e-02   1.0071614e-01
  -8.8351144e-02   9.1623165e-02   5.1409541e-02  -3.7157090e-01  -1.0012016e-01  -3.7145736e-01   5.1405207e-02   9.1617241e-02
  -8.0450115e-02   8.1832534e-02   6.6955258e-02  -3.7847084e-01  -1.3235641e-01  -3.7835208e-01   6.6942451e-02   8.1825509e-02
  -7.1234462e-02   7.1540534e-02   8.1929246e-02  -3.8296247e-01  -1.6405185e-01  -3.8283942e-01   8.1908292e-02   7.1532725e-02
  -6.0527954e-02   6.0778049e-02   9.6298669e-02  -3.8546315e-01  -1.9513806e-01  -3.8533644e-01   9.6269955e-02   6.0769822e-02
  -4.8538601e-02   4.9733180e-02   1.0988288e-01  -3.8609073e-01  -2.2538365e-01  -3.8596093e-01   1.0984676e-01   4.9724879e-02
  -3.5552374e-02   3.8613104e-02   1.2253118e-01  -3.8476837e-01  -2.5457299e-01  -3.8463604e-01   1.2248786e-01   3.8605010e-02
  -2.1570204e-02   2.7480760e-02   1.3426887e-01  -3.8140185e-01  -2.8267332e-01  -3.8126728e-01   1.3421843e-01   2.7473098e-02
  -6.7531597e-03   1.6483672e-02   1.4493737e-01  -3.7616626e-01  -3.0950516e-01  -3.7602966e-01   1.4487979e-01   1.6476550e-02
   8.5812412e-03   5.8312796e-03   1.5433023e-01  -3.6909473e-01  -3.3481529e-01  -3.6895671e-01   1.5426547e-01   5.8246733e-03
   2.4339240e-02  -4.4235200e-03   1.6261808e-01  -3.5983288e-01  -3.5861694e-01  -3.5969454e-01   1.6254609e-01  -4.4296927e-03
   4.0361364e-02  -1.4182466e-02   1.6965026e-01  -3.4838184e-01  -3.8080754e-01  -3.4824437e-01   1.6957150e-01  -1.4188263e-02
   5.6304669e-02  -2.3240639e-02   1.7488668e-01  -3.3526906e-01  -4.0108877e-01  -3.3513337e-01   1.7480243e-01  -2.3246071e-02
   7.2043067e-02  -3.1582550e-02   1.7845362e-01  -3.2050515e-01  -4.1953851e-01  -3.2037226e-01   1.7836501e-01  -3.1587591e-02
   8.7434923e-02  -3.9177009e-02   1.8067710e-01  -3.0393011e-01  -4.3615375e-01  -3.0380122e-01   1.8058491e-01  -3.9181569e-02
   1.0211890e-01  -4.5820577e-02   1.8159583e-01  -2.8583306e-01  -4.5054720e-01  -2.8570915e-01   1.8150064e-01  -4.5824488e-02
   1.1597889e-01  -5.1566044e-02   1.8101917e-01  -2.6630171e-01  -4.6286356e-01  -2.6618373e-01   1.8092163e-01  -5.1569094e-02
   1.2894051e-01  -5.6478681e-02   1.7908574e-01  -2.4528520e-01  -4.7327917e-01  -2.4517419e-01   1.7898624e-01  -5.6480748e-02
   1.4061636e-01  -6.0291032e-02   1.7580564e-01  -2.2300246e-01  -4.8127435e-01  -2.2289929e-01   1.7570480e-01  -6.0292150e-02
   1.5090965e-01  -6.2911936e-02   1.7099175e-01  -1.9960462e-01  -4.8663086e-01  -1.9951011e-01   1.7089095e-01  -6.2912238e-02
   1.5992734e-01  -6.4618450e-02   1.6429962e-01  -1.7509706e-01  -4.8984535e-01  -1.7501208e-01   1.6420115e-01  -6.4618062e-02
   1.6721760e-01  -6.5505821e-02   1.5610012e-01  -1.4965923e-01  -4.9105140e-01  -1.4958450e-01   1.5600598e-01  -6.5504882e-02
   1.7233513e-01  -6.5579767e-02   1.4677607e-01  -1.2348895e-01  -4.9016015e-01  -1.2342505e-01   1.4668765e-01  -6.5578374e-02
   1.7561931e-01  -6.4882593e-02   1.3621297e-01  -9.6633991e-02  -4.8707811e-01  -9.6581427e-02   1.3613166e-01  -6.4880749e-02
   1.7724806e-01  -6.3542041e-02   1.2444074e-01  -6.9245045e-02  -4.8197890e-01  -6.9204208e-02   1.2436754e-01  -6.3539693e-02
   1.7717170e-01  -6.1563303e-02   1.1173767e-01  -4.1551271e-02  -4.7482603e-01  -4.1522421e-02   1.1167286e-01  -6.1560485e-02
   1.7520550e-01  -5.8825136e-02   9.8133244e-02  -1.3631599e-02  -4.6515561e-01  -1.3614988e-02   9.8076937e-02  -5.8822012e-02
   1.7155420e-01  -5.5408636e-02   8.3693254e-02   1.4387799e-02  -4.5295233e-01   1.4391956e-02   8.3645619e-02  -5.5405394e-02
   1.6620943e-01  -5.1653713e-02   6.8681639e-02   4.2261384e-02  -4.3882262e-01   4.2253034e-02   6.8642724e-02  -5.1650425e-02
   1.5882185e-01  -4.7658591e-02   5.3194487e-02   6.9891386e-02  -4.2274744e-01   6.9870576e-02   5.3164338e-02  -4.7655204e-02
   1.4926408e-01  -4.3416615e-02   3.7309995e-02   9.7178326e-02  -4.0449351e-01   9.7145207e-02   3.7288714e-02  -4.3413016e-02
   1.3815859e-01  -3.9108044e-02   2.1275160e-02   1.2387739e-01  -3.8436006e-01   1.2383229e-01   2.1262805e-02  -3.9104090e-02
   1.2568895e-01  -3.4824144e-02   5.2198559e-03   1.4987824e-01  -3.6240761e-01   1.4982155e-01   5.2163886e-03  -3.4819714e-02
   1.1169441e-01  -3.0608061e-02  -1.0781222e-02   1.7511876e-01  -3.3853283e-01   1.7505088e-01  -1.0775906e-02  -3.0603151e-02
   9.6465790e-02  -2.6616869e-02  -2.6507071e-02   1.9937330e-01  -3.1295151e-01   1.9929469e-01  -2.6493095e-02  -2.6611660e-02
   8.0228057e-02  -2.2924156e-02  -4.1809187e-02   2.2251391e-01  -2.8579778e-01   2.2242507e-01  -4.1786561e-02  -2.2918845e-02
   6.2986867e-02  -1.9536001e-02  -5.6639370e-02   2.4453154e-01  -2.5703416e-01   2.4443293e-01  -5.6608019e-02  -1.9530741e-02
   4.4976286e-02  -1.6623253e-02  -7.0813894e-02   2.6523790e-01  -2.2683442e-01   2.6513009e-01  -7.0773831e-02  -1.6618395e-02
   2.6463008e-02  -1.4350929e-02  -8.4168721e-02   2.8447535e-01  -1.9539570e-01   2.8435902e-01  -8.4120250e-02  -1.4347053e-02
   7.5192266e-03  -1.2643057e-02  -9.6704500e-02   3.0230351e-01  -1.6273855e-01   3.0217936e-01  -9.6648162e-02  -1.2640588e-02
  -1.1663599e-02  -1.1478684e-02  -1.0828888e-01   3.1858906e-01  -1.2901552e-01   3.1845786e-01  -1.0822531e-01  -1.1477852e-02
  -3.0798811e-02  -1.0904539e-02  -1.1873444e-01   3.3312307e-01  -9.4478184e-02   3.3298565e-01  -1.1866408e-01  -1.0905330e-02
  -4.9790868e-02  -1.0981536e-02  -1.2812195e-01   3.4607029e-01  -5.9200013e-02   3.4592737e-01  -1.2804492e-01  -1.0983740e-02
  -6.8488650e-02  -1.1648005e-02  -1.3638086e-01   3.5735786e-01  -2.3324185e-02   3.5721014e-01  -1.3629720e-01  -1.1651199e-02
  -8.6599105e-02  -1.2907655e-02  -1.4321877e-01   3.6658110e-01   1.2851606e-02   3.6642945e-01  -1.4312883e-01  -1.2911546e-02
  -1.0403535e-01  -1.4879841e-02  -1.4874003e-01   3.7389879e-01   4.9207664e-02   3.7374402e-01  -1.4864440e-01  -1.4884509e-02
  -1.2069998e-01  -1.7591977e-02  -1.5307418e-01   3.7953092e-01   8.5608570e-02   3.7937378e-01  -1.5297383e-01  -1.7597812e-02
  -1.3630061e-01  -2.0842164e-02  -1.5605765e-01   3.8330627e-01   1.2172674e-01   3.8314758e-01  -1.5595401e-01  -2.0849445e-02
  -1.5077212e-01  -2.4577718e-02  -1.5763568e-01   3.8511243e-01   1.5740002e-01   3.8495328e-01  -1.5753008e-01  -2.4586559e-02
  -1.6410239e-01  -2.8843537e-02  -1.5800581e-01   3.8517882e-01   1.9251682e-01   3.8502033e-01  -1.5789908e-01  -2.8853917e-02
  -1.7600397e-01  -3.3496137e-02  -1.5720905e-01   3.8354787e-01   2.2674733e-01   3.8339116e-01  -1.5710187e-01  -3.3507783e-02
  -1.8644127e-01  -3.8429585e-02  -1.5516095e-01   3.8005345e-01   2.5988206e-01   3.7989964e-01  -1.5505417e-01  -3.8442052e-02
  -1.9555926e-01  -4.3625410e-02  -1.5179500e-01   3.7449189e-01   2.9186007e-01   3.7434214e-01  -1.5168955e-01  -4.3638234e-02
  -2.0301839e-01  -4.8953420e-02  -1.4727708e-01   3.6708617e-01   3.2238684e-01   3.6694136e-01  -1.4717394e-01  -4.8966217e-02
  -2.0849170e-01  -5.4277375e-02  -1.4171928e-01   3.5798879e-01   3.5120121e-01   3.5784964e-01  -1.4161950e-01  -5.4289844e-02
  -2.1233603e-01  -5.9557994e-02  -1.3497779e-01   3.4691631e-01   3.7831921e-01   3.4678367e-01  -1.3488265e-01  -5.9569890e-02
  -2.1474432e-01  -6.4659290e-02  -1.2714540e-01   3.3391701e-01   4.0352860e-01   3.3379178e-01  -1.2705598e-01  -6.4670449e-02
  -2.1571226e-01  -6.9412563e-02  -1.1848056e-01   3.1929437e-01   4.2651473e-01   3.1917728e-01  -1.1839755e-01  -6.9422900e-02
  -2.1518387e-01  -7.3838971e-02  -1.0898163e-01   3.0294916e-01   4.4739812e-01   3.0284079e-01  -1.0890560e-01  -7.3848442e-02
  -2.1340130e-01  -7.7782710e-02  -9.8651936e-02   2.8481358e-01   4.6609344e-01   2.8471445e-01  -9.8583478e-02  -7.7791265e-02
  -2.1038522e-01  -8.0879614e-02  -8.7686614e-02   2.6512353e-01   4.8220329e-01   2.6503409e-01  -8.7626231e-02  -8.0887212e-02
  -2.0592302e-01  -8.3130037e-02  -7.6140282e-02   2.4387131e-01   4.9603416e-01   2.4379217e-01  -7.6088614e-02  -8.3136692e-02
  -1.9999506e-01  -8.4650286e-02  -6.4039808e-02   2.2102416e-01   5.0765918e-01   2.2095609e-01  -6.3997633e-02  -8.4656089e-02
  -1.9314426e-01  -8.5420928e-02  -5.1548471e-02   1.9680248e-01   5.1637145e-01   1.9674615e-01  -5.1516509e-02  -8.5426025e-02
  -1.8558157e-01  -8.5273492e-02  -3.8749699e-02   1.7127768e-01   5.2222654e-01   1.7123360e-01  -3.8728531e-02  -8.5277614e-02
  -1.7724776e-01  -8.4237447e-02  -2.5681617e-02   1.4445800e-01   5.2587001e-01   1.4442642e-01  -2.5671664e-02  -8.4239975e-02
  -1.6841999e-01  -8.2305885e-02  -1.2484093e-02   1.1657027e-01   5.2743919e-01   1.1655110e-01  -1.2485570e-02  -8.2306171e-02
  -1.5932342e-01  -7.9341398e-02   7.4086545e-04   8.7772051e-02   5.2682168e-01   8.7764929e-02   7.2782111e-04  -7.9339017e-02
  -1.5001192e-01  -7.5104450e-02   1.3953393e-02   5.8112008e-02   5.2419001e-01   5.8116535e-02   1.3928590e-02  -7.5099099e-02
  -1.4069230e-01  -6.9822116e-02   2.7033622e-02   2.7826979e-02   5.1968094e-01   2.7842786e-02   2.6996811e-02  -6.9813894e-02
  -1.3158378e-01  -6.3732805e-02   3.9864715e-02  -2.8377491e-03   5.1319534e-01  -2.8109850e-03   3.9815495e-02  -6.3722037e-02
  -1.2274461e-01  -5.6750653e-02   5.2414286e-02  -3.3797976e-02   5.0427890e-01  -3.3760518e-02   5.2352139e-02  -5.6737590e-02
  -1.1430974e-01  -4.8921203e-02   6.4583315e-02  -6.4821872e-02   4.9321630e-01  -6.4773865e-02   6.4508197e-02  -4.8905758e-02
  -1.0646864e-01  -4.0464710e-02   7.6236707e-02  -9.5589401e-02   4.8063524e-01  -9.5530858e-02   7.6149524e-02  -4.0446543e-02
  -9.9235012e-02  -3.1413345e-02   8.7357604e-02  -1.2599425e-01   4.6648712e-01  -1.2592508e-01   8.7259933e-02  -3.1391999e-02
  -9.2653724e-02  -2.1830458e-02   9.7873075e-02  -1.5583828e-01   4.5063009e-01  -1.5575854e-01   9.7766900e-02  -2.1805661e-02
  -8.6873639e-02  -1.1932132e-02   1.0762049e-01  -1.8475204e-01   4.3336426e-01  -1.8466204e-01   1.0750784e-01  -1.1903926e-02
  -8.1854518e-02  -1.8035969e-03   1.1661314e-01  -2.1262922e-01   4.1471823e-01  -2.1252948e-01   1.1649563e-01  -1.7723595e-03
  -7.7548305e-02   8.4876517e-03   1.2481726e-01  -2.3933908e-01   3.9463571e-01  -2.3923034e-01   1.2469562e-01   8.5213779e-03
  -7.4064082e-02   1.8747568e-02   1.3201387e-01  -2.6449379e-01   3.7330231e-01  -2.6437709e-01   1.3188817e-01   1.8783236e-02
  -7.1343433e-02   2.8874482e-02   1.3825169e-01  -2.8800151e-01   3.5077515e-01  -2.8787791e-01   1.3812164e-01   2.8911738e-02
  -6.9238770e-02   3.8817481e-02   1.4358534e-01  -3.0984163e-01   3.2702451e-01  -3.0971202e-01   1.4345091e-01   3.8856268e-02
  -6.7766663e-02   4.8422323e-02   1.4771570e-01  -3.2963240e-01   3.0217755e-01  -3.2949770e-01   1.4757734e-01   4.8462869e-02
  -6.6898425e-02   5.7590877e-02   1.5049840e-01  -3.4729174e-01   2.7631506e-01  -3.4715281e-01   1.5035752e-01   5.7633570e-02
  -6.6468213e-02   6.6307061e-02   1.5216163e-01  -3.6298427e-01   2.4943053e-01  -3.6284184e-01   1.5202053e-01   6.6352175e-02
  -6.6393939e-02   7.4465814e-02   1.5275498e-01  -3.7630421e-01   2.2163011e-01  -3.7615913e-01   1.5261664e-01   7.4513236e-02
  -6.6633984e-02   8.1976726e-02   1.5220996e-01  -3.8688208e-01   1.9302957e-01  -3.8673531e-01   1.5207707e-01   8.2025914e-02
  -6.7117086e-02   8.8867200e-02   1.5044359e-01  -3.9511598e-01   1.6364880e-01  -3.9496828e-01   1.5031763e-01   8.8917436e-02
  -6.7726214e-02   9.5083114e-02   1.4753298e-01  -4.0108888e-01   1.3359171e-01  -4.0094085e-01   1.4741455e-01   9.5133569e-02
  -6.8368208e-02   1.0053320e-01   1.4345229e-01  -4.0459847e-01   1.0301879e-01  -4.0445064e-01   1.4334183e-01   1.0058319e-01
  -6.9014041e-02   1.0529879e-01   1.3792814e-01  -4.0564505e-01   7.1980227e-02  -4.0549809e-01   1.3782626e-01   1.0534811e-01
  -6.9607195e-02   1.0937091e-01   1.3094426e-01  -4.0452845e-01   4.0580739e-02  -4.0438298e-01   1.3085226e-01   1.0941945e-01
  -7.0039415e-02   1.1259692e-01   1.2284003e-01  -4.0125212e-01   9.0258970e-03  -4.0110881e-01   1.2276024e-01   1.1264397e-01
  -7.0242343e-02   1.1505431e-01   1.1359920e-01  -3.9547982e-01  -2.2600762e-02  -3.9533960e-01   1.1353458e-01   1.1509903e-01
  -7.0209892e-02   1.1686742e-01   1.0309885e-01  -3.8719821e-01  -5.4199357e-02  -3.8706220e-01   1.0305203e-01   1.1690908e-01
  -6.9922076e-02   1.1801531e-01   9.1533926e-02  -3.7688569e-01  -8.5535167e-02  -3.7675474e-01   9.1506628e-02   1.1805355e-01
  -6.9305856e-02   1.1847832e-01   7.8954718e-02  -3.6455979e-01  -1.1649297e-01  -3.6443474e-01   7.8947936e-02   1.1851267e-01
  -6.8316793e-02   1.1836058e-01   6.5321948e-02  -3.4997080e-01  -1.4699181e-01  -3.4985261e-01   6.5336210e-02   1.1839083e-01
  -6.6982175e-02   1.1769546e-01   5.0800999e-02  -3.3350838e-01  -1.7679169e-01  -3.3339788e-01   5.0835976e-02   1.1772153e-01
  -6.5289165e-02   1.1645400e-01   3.5504369e-02  -3.1541330e-01  -2.0573841e-01  -3.1531120e-01   3.5559162e-02   1.1647581e-01
  -6.3172131e-02   1.1458904e-01   1.9441587e-02  -2.9557047e-01  -2.3378429e-01  -2.9547747e-01   1.9515261e-02   1.1460609e-01
  -6.0677038e-02   1.1221492e-01   2.7687901e-03  -2.7417116e-01  -2.6071164e-01  -2.7408775e-01   2.8605372e-03   1.1222705e-01
  -5.7858477e-02   1.0943173e-01  -1.4344981e-02  -2.5147014e-01  -2.8632621e-01  -2.5139650e-01  -1.4235889e-02   1.0943910e-01
  -5.4689659e-02   1.0620001e-01  -3.1851224e-02  -2.2746827e-01  -3.1063160e-01  -2.2740441e-01  -3.1725470e-02   1.0620271e-01
  -5.1192503e-02   1.0255450e-01  -4.9596458e-02  -2.0229871e-01  -3.3346430e-01  -2.0224454e-01  -4.9454669e-02   1.0255245e-01
  -4.7436443e-02   9.8606320e-02  -6.7359664e-02  -1.7622395e-01  -3.5458350e-01  -1.7617946e-01  -6.7202265e-02   9.8599625e-02
  -4.3429730e-02   9.4368189e-02  -8.5068004e-02  -1.4930922e-01  -3.7405697e-01  -1.4927453e-01  -8.4895019e-02   9.4357321e-02
  -3.9199760e-02   8.9852583e-02  -1.0257542e-01  -1.2165913e-01  -3.9179993e-01  -1.2163451e-01  -1.0238762e-01   8.9838435e-02
  -3.4828165e-02   8.5142210e-02  -1.1960906e-01  -9.3531780e-02  -4.0750055e-01  -9.3517439e-02  -1.1940906e-01   8.5125926e-02
  -3.0344884e-02   8.0265948e-02  -1.3609130e-01  -6.5030179e-02  -4.2134841e-01  -6.5026148e-02  -1.3588354e-01   8.0248803e-02
  -2.5782040e-02   7.5240799e-02  -1.5190169e-01  -3.6246052e-02  -4.3335730e-01  -3.6252126e-02  -1.5169107e-01   7.5223841e-02
  -2.1228603e-02   7.0133615e-02  -1.6671129e-01  -7.4237560e-03  -4.4297442e-01  -7.4395222e-03  -1.6650205e-01   7.0117459e-02
  -1.6727917e-02   6.4980813e-02  -1.8046279e-01   2.1309216e-02  -4.5021822e-01   2.1284179e-02  -1.8025712e-01   6.4965733e-02
  -1.2310256e-02   5.9800279e-02  -1.9311033e-01   4.9875443e-02  -4.5550440e-01   4.9841477e-02  -1.9290829e-01   5.9786386e-02
  -8.0672437e-03   5.4646041e-02  -2.0424055e-01   7.8051098e-02  -4.5883455e-01   7.8008579e-02  -2.0404106e-01   5.4633216e-02
  -4.0501627e-03   4.9556425e-02  -2.1370999e-01   1.0568401e-01  -4.6005911e-01   1.0563338e-01  -2.1351238e-01   4.9544463e-02
  -2.7018800e-04   4.4544411e-02  -2.2167898e-01   1.3271972e-01  -4.5930897e-01   1.3266151e-01  -2.2148368e-01   4.4533213e-02
   3.1833609e-03   3.9650798e-02  -2.2784852e-01   1.5896323e-01  -4.5668735e-01   1.5889816e-01  -2.2765655e-01   3.9640412e-02
   6.2525491e-03   3.4915147e-02  -2.3187264e-01   1.8423392e-01  -4.5209848e-01   1.8416289e-01  -2.3168509e-01   3.4905688e-02
   8.9803909e-03   3.0344851e-02  -2.3393047e-01   2.0851055e-01  -4.4514927e-01   2.0843448e-01  -2.3374915e-01   3.0336438e-02
   1.1264534e-02   2.5968192e-02  -2.3415614e-01   2.3164080e-01  -4.3605539e-01   2.3156062e-01  -2.3398275e-01   2.5960952e-02
   1.2929968e-02   2.1825437e-02  -2.3247665e-01   2.5340766e-01  -4.2526893e-01   2.5332425e-01  -2.3231317e-01   2.1819605e-02
   1.4057389e-02   1.7916152e-02  -2.2862749e-01   2.7383165e-01  -4.1264122e-01   2.7374576e-01  -2.2847739e-01   1.7912113e-02
   1.4735793e-02   1.4253884e-02  -2.2274267e-01   2.9281978e-01  -3.9806613e-01   2.9273200e-01  -2.2261008e-01   1.4251790e-02
   1.4969113e-02   1.0880789e-02  -2.1498436e-01   3.1010037e-01  -3.8190796e-01   3.1001124e-01  -2.1487202e-01   1.0880222e-02
   1.4694405e-02   7.7882631e-03  -2.0509992e-01   3.2575741e-01  -3.6418465e-01   3.2566740e-01  -2.0500983e-01   7.7885237e-03
   1.3981179e-02   4.9747758e-03  -1.9295676e-01   3.3978023e-01  -3.4482366e-01   3.3968975e-01  -1.9289073e-01   4.9748003e-03
   1.2829736e-02   2.4891937e-03  -1.7909818e-01   3.5177772e-01  -3.2407796e-01   3.5168712e-01  -1.7905734e-01   2.4873573e-03
   1.1174759e-02   3.3039356e-04  -1.6373422e-01   3.6176681e-01  -3.0206509e-01   3.6167632e-01  -1.6371930e-01   3.2516698e-04
   8.9402559e-03  -1.5292848e-03  -1.4672889e-01   3.6995982e-01  -2.7875289e-01   3.6986954e-01  -1.4674070e-01  -1.5389306e-03
   6.2667914e-03  -3.0680055e-03  -1.2826881e-01   3.7617301e-01  -2.5425112e-01   3.7608298e-01  -1.2830822e-01  -3.0830581e-03
   4.7019495e-03  -3.9748213e-03  -1.1725381e-01   3.7975922e-01  -2.3958166e-01   3.7966935e-01  -1.1730978e-01  -3.9932347e-03
   1.8156924e-04  -5.5183814e-03  -8.8658222e-02   3.8479479e-01  -2.0298751e-01   3.8470524e-01  -8.8754547e-02  -5.5458817e-03
   4.7019495e-03  -3.9748213e-03  -1.1725381e-01   3.7975922e-01  -2.3958166e-01   3.7966935e-01  -1.1730978e-01  -3.9932347e-03
   6.2667914e-03  -3.0680055e-03  -1.2826881e-01   3.7617301e-01  -2.5425112e-01   3.7608298e-01  -1.2830822e-01  -3.0830581e-03
   8.9402559e-03  -1.5292848e-03  -1.4672889e-01   3.6995982e-01  -2.7875289e-01   3.6986954e-01  -1.4674070e-01  -1.5389306e-03
   1.1174759e-02   3.3039356e-04  -1.6373422e-01   3.6176681e-01  -3.0206509e-01   3.6167632e-01  -1.6371930e-01   3.2516698e-04
   1.2829736e-02   2.4891937e-03  -1.7909818e-01   3.5177772e-01  -3.2407796e-01   3.5168712e-01  -1.7905734e-01   2.4873573e-03
   1.3981179e-02   4.9747758e-03  -1.9295676e-01   3.3978023e-01  -3.4482366e-01   3.3968975e-01  -1.9289073e-01   4.9748003e-03
   1.4694405e-02   7.7882631e-03  -2.0509992e-01   3.2575741e-01  -3.6418465e-01   3.2566740e-01  -2.0500983e-01   7.7885237e-03
   1.4969113e-02   1.0880789e-02  -2.1498436e-01   3.1010037e-01  -3.8190796e-01   3.1001124e-01  -2.1487202e-01   1.0880222e-02
   1.4735793e-02   1.4253884e-02  -2.2274267e-01   2.9281978e-01  -3.9806613e-01   2.9273200e-01  -2.2261008e-01   1.4251790e-02
   1.4057389e-02   1.7916152e-02  -2.2862749e-01   2.7383165e-01  -4.1264122e-01   2.7374576e-01  -2.2847739e-01   1.7912113e-02
   1.2929968e-02   2.1825437e-02  -2.3247665e-01   2.5340766e-01  -4.2526893e-01   2.5332425e-01  -2.3231317e-01   2.1819605e-02
   1.1264534e-02   2.5968192e-02  -2.3415614e-01   2.3164080e-01  -4.3605539e-01   2.3156062e-01  -2.3398275e-01   2.5960952e-02
   8.9803909e-03   3.0344851e-02  -2.3393047e-01   2.0851055e-01  -4.4514927e-01   2.0843448e-01  -2.3374915e-01   3.0336438e-02
   6.2525491e-03   3.4915147e-02  -2.3187264e-01   1.8423392e-01  -4.5209848e-01   1.8416289e-01  -2.3168509e-01   3.4905688e-02
   3.1833609e-03   3.9650798e-02  -2.2784852e-01   1.5896323e-01  -4.5668735e-01   1.5889816e-01  -2.2765655e-01   3.9640412e-02
  -2.7018800e-04   4.4544411e-02  -2.2167898e-01   1.3271972e-01  -4.5930897e-01   1.3266151e-01  -2.2148368e-01   4.4533213e-02
  -4.0501627e-03   4.9556425e-02  -2.1370999e-01   1.0568401e-01  -4.6005911e-01   1.0563338e-01  -2.1351238e-01   4.9544463e-02
  -8.0672437e-03   5.4646041e-02  -2.0424055e-01   7.8051098e-02  -4.5883455e-01   7.8008579e-02  -2.0404106e-01   5.4633216e-02
  -1.2310256e-02   5.9800279e-02  -1.9311033e-01   4.9875443e-02  -4.5550440e-01   4.9841477e-02  -1.9290829e-01   5.9786386e-02
  -1.6727917e-02   6.4980813e-02  -1.8046279e-01   2.1309216e-02  -4.5021822e-01   2.1284179e-02  -1.8025712e-01   6.4965733e-02
  -2.1228603e-02   7.0133615e-02  -1.6671129e-01  -7.4237560e-03  -4.4297442e-01  -7.4395222e-03  -1.6650205e-01   7.0117459e-02
  -2.5782040e-02   7.5240799e-02  -1.5190169e-01  -3.6246052e-02  -4.3335730e-01  -3.6252126e-02  -1.5169107e-01   7.5223841e-02
  -3.0344884e-02   8.0265948e-02  -1.3609130e-01  -6.5030179e-02  -4.2134841e-01  -6.5026148e-02  -1.3588354e-01   8.0248803e-02
  -3.4828165e-02   8.5142210e-02  -1.1960906e-01  -9.3531780e-02  -4.0750055e-01  -9.3517439e-02  -1.1940906e-01   8.5125926e-02
  -3.9199760e-02   8.9852583e-02  -1.0257542e-01  -1.2165913e-01  -3.9179993e-01  -1.2163451e-01  -1.0238762e-01   8.9838435e-02
  -4.3429730e-02   9.4368189e-02  -8.5068004e-02  -1.4930922e-01  -3.7405697e-01  -1.4927453e-01  -8.4895019e-02   9.4357321e-02
  -4.7436443e-02   9.8606320e-02  -6.7359664e-02  -1.7622395e-01  -3.5458350e-01  -1.7617946e-01  -6.7202265e-02   9.8599625e-02
  -5.1192503e-02   1.0255450e-01  -4.9596458e-02  -2.0229871e-01  -3.3346430e-01  -2.0224454e-01  -4.9454669e-02   1.0255245e-01
  -5.4689659e-02   1.0620001e-01  -3.1851224e-02  -2.2746827e-01  -3.1063160e-01  -2.2740441e-01  -3.1725470e-02   1.0620271e-01
  -5.7858477e-02   1.0943173e-01  -1.4344981e-02  -2.5147014e-01  -2.8632621e-01  -2.5139650e-01  -1.4235889e-02   1.0943910e-01
  -6.0677038e-02   1.1221492e-01   2.7687901e-03  -2.7417116e-01  -2.6071164e-01  -2.7408775e-01   2.8605372e-03   1.1222705e-01
  -6.3172131e-02   1.1458904e-01   1.9441587e-02  -2.9557047e-01  -2.3378429e-01  -2.9547747e-01   1.9515261e-02   1.1460609e-01
  -6.5289165e-02   1.1645400e-01   3.5504369e-02  -3.1541330e-01  -2.0573841e-01  -3.1531120e-01   3.5559162e-02   1.1647581e-01
  -6.6982175e-02   1.1769546e-01   5.0800999e-02  -3.3350838e-01  -1.7679169e-01  -3.3339788e-01   5.0835976e-02   1.1772153e-01
  -6.8316793e-02   1.1836058e-01   6.5321948e-02  -3.4997080e-01  -1.4699181e-01  -3.4985261e-01   6.5336210e-02   1.1839083e-01
  -6.9305856e-02   1.1847832e-01   7.8954718e-02  -3.6455979e-01  -1.1649297e-01  -3.6443474e-01   7.8947936e-02   1.1851267e-01
  -6.9922076e-02   1.1801531e-01   9.1533926e-02  -3.7688569e-01  -8.5535167e-02  -3.7675474e-01   9.1506628e-02   1.1805355e-01
  -7.0209892e-02   1.1686742e-01   1.0309885e-01  -3.8719821e-01  -5.4199357e-02  -3.8706220e-01   1.0305203e-01   1.1690908e-01
  -7.0242343e-02   1.1505431e-01   1.1359920e-01  -3.9547982e-01  -2.2600762e-02  -3.9533960e-01   1.1353458e-01   1.1509903e-01
  -7.0039415e-02   1.1259692e-01   1.2284003e-01  -4.0125212e-01   9.0258970e-03  -4.0110881e-01   1.2276024e-01   1.1264397e-01
  -6.9607195e-02   1.0937091e-01   1.3094426e-01  -4.0452845e-01   4.0580739e-02  -4.0438298e-01   1.3085226e-01   1.0941945e-01
  -6.9014041e-02   1.0529879e-01   1.3792814e-01  -4.0564505e-01   7.1980227e-02  -4.0549809e-01   1.3782626e-01   1.0534811e-01
  -6.8368208e-02   1.0053320e-01   1.4345229e-01  -4.0459847e-01   1.0301879e-01  -4.0445064e-01   1.4334183e-01   1.0058319e-01
  -6.7726214e-02   9.5083114e-02   1.4753298e-01  -4.0108888e-01   1.3359171e-01  -4.0094085e-01   1.4741455e-01   9.5133569e-02
  -6.7117086e-02   8.8867200e-02   1.5044359e-01  -3.9511598e-01   1.6364880e-01  -3.9496828e-01   1.5031763e-01   8.8917436e-02
  -6.6633984e-02   8.1976726e-02   1.5220996e-01  -3.8688208e-01   1.9302957e-01  -3.8673531e-01   1.5207707e-01   8.2025914e-02
  -6.6393939e-02   7.4465814e-02   1.5275498e-01  -3.7630421e-01   2.2163011e-01  -3.7615913e-01   1.5261664e-01   7.4513236e-02
  -6.6468213e-02   6.6307061e-02   1.5216163e-01  -3.6298427e-01   2.4943053e-01  -3.6284184e-01   1.5202053e-01   6.6352175e-02
  -6.6898425e-02   5.7590877e-02   1.5049840e-01  -3.4729174e-01   2.7631506e-01  -3.4715281e-01   1.5035752e-01   5.7633570e-02
  -6.7766663e-02   4.8422323e-02   1.4771570e-01  -3.2963240e-01   3.0217755e-01  -3.2949770e-01   1.4757734e-01   4.8462869e-02
  -6.9238770e-02   3.8817481e-02   1.4358534e-01  -3.0984163e-01   3.2702451e-01  -3.0971202e-01   1.4345091e-01   3.8856268e-02
  -7.1343433e-02   2.8874482e-02   1.3825169e-01  -2.8800151e-01   3.5077515e-01  -2.8787791e-01   1.3812164e-01   2.8911738e-02
  -7.4064082e-02   1.8747568e-02   1.3201387e-01  -2.6449379e-01   3.7330231e-01  -2.6437709e-01   1.3188817e-01   1.8783236e-02
  -7.7548305e-02   8.4876517e-03   1.2481726e-01  -2.3933908e-01   3.9463571e-01  -2.3923034e-01   1.2469562e-01   8.5213779e-03
  -8.1854518e-02  -1.8035969e-03   1.1661314e-01  -2.1262922e-01   4.1471823e-01  -2.1252948e-01   1.1649563e-01  -1.7723595e-03
  -8.6873639e-02  -1.1932132e-02   1.0762049e-01  -1.8475204e-01   4.3336426e-01  -1.8466204e-01   1.0750784e-01  -1.1903926e-02
  -9.2653724e-02  -2.1830458e-02   9.7873075e-02  -1.5583828e-01   4.5063009e-01  -1.5575854e-01   9.7766900e-02  -2.1805661e-02
  -9.9235012e-02  -3.1413345e-02   8.7357604e-02  -1.2599425e-01   4.6648712e-01  -1.2592508e-01   8.7259933e-02  -3.1391999e-02
  -1.0646864e-01  -4.0464710e-02   7.6236707e-02  -9.5589401e-02   4.8063524e-01  -9.5530858e-02   7.6149524e-02  -4.0446543e-02
  -1.1430974e-01  -4.8921203e-02   6.4583315e-02  -6.4821872e-02   4.9321630e-01  -6.4773865e-02   6.4508197e-02  -4.8905758e-02
  -1.2274461e-01  -5.6750653e-02   5.2414286e-02  -3.3797976e-02   5.0427890e-01  -3.3760518e-02   5.2352139e-02  -5.6737590e-02
  -1.3158378e-01  -6.3732805e-02   3.9864715e-02  -2.8377491e-03   5.1319534e-01  -2.8109850e-03   3.9815495e-02  -6.3722037e-02
  -1.4069230e-01  -6.9822116e-02   2.7033622e-02   2.7826979e-02   5.1968094e-01   2.7842786e-02   2.6996811e-02  -6.9813894e-02
  -1.5001192e-01  -7.5104450e-02   1.3953393e-02   5.8112008e-02   5.2419001e-01   5.8116535e-02   1.3928590e-02  -7.5099099e-02
  -1.5932342e-01  -7.9341398e-02   7.4086545e-04   8.7772051e-02   5.2682168e-01   8.7764929e-02   7.2782111e-04  -7.9339017e-02
  -1.6841999e-01  -8.2305885e-02  -1.2484093e-02   1.1657027e-01   5.2743919e-01   1.1655110e-01  -1.2485570e-02  -8.2306171e-02
  -1.7724776e-01  -8.4237447e-02  -2.5681617e-02   1.4445800e-01   5.2587001e-01   1.4442642e-01  -2.5671664e-02  -8.4239975e-02
  -1.8558157e-01  -8.5273492e-02  -3.8749699e-02   1.7127768e-01   5.2222654e-01   1.7123360e-01  -3.8728531e-02  -8.5277614e-02
  -1.9314426e-01  -8.5420928e-02  -5.1548471e-02   1.9680248e-01   5.1637145e-01   1.9674615e-01  -5.1516509e-02  -8.5426025e-02
  -1.9999506e-01  -8.4650286e-02  -6.4039808e-02   2.2102416e-01   5.0765918e-01   2.2095609e-01  -6.3997633e-02  -8.4656089e-02
  -2.0592302e-01  -8.3130037e-02  -7.6140282e-02   2.4387131e-01   4.9603416e-01   2.4379217e-01  -7.6088614e-02  -8.3136692e-02
  -2.1038522e-01  -8.0879614e-02  -8.7686614e-02   2.6512353e-01   4.8220329e-01   2.6503409e-01  -8.7626231e-02  -8.0887212e-02
  -2.1340130e-01  -7.7782710e-02  -9.8651936e-02   2.8481358e-01   4.6609344e-01   2.8471445e-01  -9.8583478e-02  -7.7791265e-02
  -2.1518387e-01  -7.3838971e-02  -1.0898163e-01   3.0294916e-01   4.4739812e-01   3.0284079e-01  -1.0890560e-01  -7.3848442e-02
  -2.1571226e-01  -6.9412563e-02  -1.1848056e-01   3.1929437e-01   4.2651473e-01   3.1917728e-01  -1.1839755e-01  -6.9422900e-02
  -2.1474432e-01  -6.4659290e-02  -1.2714540e-01   3.3391701e-01   4.0352860e-01   3.3379178e-01  -1.2705598e-01  -6.4670449e-02
  -2.1233603e-01  -5.9557994e-02  -1.3497779e-01   3.4691631e-01   3.7831921e-01   3.4678367e-01  -1.3488265e-01  -5.9569890e-02
  -2.0849170e-01  -5.4277375e-02  -1.4171928e-01   3.5798879e-01   3.5120121e-01   3.5784964e-01  -1.4161950e-01  -5.4289844e-02
  -2.0301839e-01  -4.8953420e-02  -1.4727708e-01   3.6708617e-01   3.2238684e-01   3.6694136e-01  -1.4717394e-01  -4.8966217e-02
  -1.9555926e-01  -4.3625410e-02  -1.5179500e-01   3.7449189e-01   2.9186007e-01   3.7434214e-01  -1.5168955e-01  -4.3638234e-02
  -1.8644127e-01  -3.8429585e-02  -1.5516095e-01   3.8005345e-01   2.5988206e-01   3.7989964e-01  -1.5505417e-01  -3.8442052e-02
  -1.7600397e-01  -3.3496137e-02  -1.5720905e-01   3.8354787e-01   2.2674733e-01   3.8339116e-01  -1.5710187e-01  -3.3507783e-02
  -1.6410239e-01  -2.8843537e-02  -1.5800581e-01   3.8517882e-01   1.9251682e-01   3.8502033e-01  -1.5789908e-01  -2.8853917e-02
  -1.5077212e-01  -2.4577718e-02  -1.5763568e-01   3.8511243e-01   1.5740002e-01   3.8495328e-01  -1.5753008e-01  -2.4586559e-02
  -1.3630061e-01  -2.0842164e-02  -1.5605765e-01   3.8330627e-01   1.2172674e-01   3.8314758e-01  -1.5595401e-01  -2.0849445e-02
  -1.2069998e-01  -1.7591977e-02  -1.5307418e-01   3.7953092e-01   8.5608570e-02   3.7937378e-01  -1.5297383e-01  -1.7597812e-02
  -1.0403535e-01  -1.4879841e-02  -1.4874003e-01   3.7389879e-01   4.9207664e-02   3.7374402e-01  -1.4864440e-01  -1.4884509e-02
  -8.6599105e-02  -1.2907655e-02  -1.4321877e-01   3.6658110e-01   1.2851606e-02   3.6642945e-01  -1.4312883e-01  -1.2911546e-02
  -6.8488650e-02  -1.1648005e-02  -1.3638086e-01   3.5735786e-01  -2.3324185e-02   3.5721014e-01  -1.3629720e-01  -1.1651199e-02
  -4.9790868e-02  -1.0981536e-02  -1.2812195e-01   3.4607029e-01  -5.9200013e-02   3.4592737e-01  -1.2804492e-01  -1.0983740e-02
  -3.0798811e-02  -1.0904539e-02  -1.1873444e-01   3.3312307e-01  -9.4478184e-02   3.3298565e-01  -1.1866408e-01  -1.0905330e-02
  -1.1663599e-02  -1.1478684e-02  -1.0828888e-01   3.1858906e-01  -1.2901552e-01   3.1845786e-01  -1.0822531e-01  -1.1477852e-02
   7.5192266e-03  -1.2643057e-02  -9.6704500e-02   3.0230351e-01  -1.6273855e-01   3.0217936e-01  -9.6648162e-02  -1.2640588e-02
   2.6463008e-02  -1.4350929e-02  -8.4168721e-02   2.8447535e-01  -1.9539570e-01   2.8435902e-01  -8.4120250e-02  -1.4347053e-02
   4.4976286e-02  -1.6623253e-02  -7.0813894e-02   2.6523790e-01  -2.2683442e-01   2.6513009e-01  -7.0773831e-02  -1.6618395e-02
   6.2986867e-02  -1.9536001e-02  -5.6639370e-02   2.4453154e-01  -2.5703416e-01   2.4443293e-01  -5.6608019e-02  -1.9530741e-02
   8.0228057e-02  -2.2924156e-02  -4.1809187e-02   2.2251391e-01  -2.8579778e-01   2.2242507e-01  -4.1786561e-02  -2.2918845e-02
   9.6465790e-02  -2.6616869e-02  -2.6507071e-02   1.9937330e-01  -3.1295151e-01   1.9929469e-01  -2.6493095e-02  -2.6611660e-02
   1.1169441e-01  -3.0608061e-02  -1.0781222e-02   1.7511876e-01  -3.3853283e-01   1.7505088e-01  -1.0775906e-02  -3.0603151e-02
   1.2568895e-01  -3.4824144e-02   5.2198559e-03   1.4987824e-01  -3.6240761e-01   1.4982155e-01   5.2163886e-03  -3.4819714e-02
   1.3815859e-01  -3.9108044e-02   2.1275160e-02   1.2387739e-01  -3.8436006e-01   1.2383229e-01   2.1262805e-02  -3.9104090e-02
   1.4926408e-01  -4.3416615e-02   3.7309995e-02   9.7178326e-02  -4.0449351e-01   9.7145207e-02   3.7288714e-02  -4.3413016e-02
   1.5882185e-01  -4.7658591e-02   5.3194487e-02   6.9891386e-02  -4.2274744e-01   6.9870576e-02   5.3164338e-02  -4.7655204e-02
   1.6620943e-01  -5.1653713e-02   6.8681639e-02   4.2261384e-02  -4.3882262e-01   4.2253034e-02   6.8642724e-02  -5.1650425e-02
   1.7155420e-01  -5.5408636e-02   8.3693254e-02   1.4387799e-02  -4.5295233e-01   1.4391956e-02   8.3645619e-02  -5.5405394e-02
   1.7520550e-01  -5.8825136e-02   9.8133244e-02  -1.3631599e-02  -4.6515561e-01  -1.3614988e-02   9.8076937e-02  -5.8822012e-02
   1.7717170e-01  -6.1563303e-02   1.1173767e-01  -4.1551271e-02  -4.7482603e-01  -4.1522421e-02   1.1167286e-01  -6.1560485e-02
   1.7724806e-01  -6.3542041e-02   1.2444074e-01  -6.9245045e-02  -4.8197890e-01  -6.9204208e-02   1.2436754e-01  -6.3539693e-02
   1.7561931e-01  -6.4882593e-02   1.3621297e-01  -9.6633991e-02  -4.8707811e-01  -9.6581427e-02   1.3613166e-01  -6.4880749e-02
   1.7233513e-01  -6.5579767e-02   1.4677607e-01  -1.2348895e-01  -4.9016015e-01  -1.2342505e-01   1.4668765e-01  -6.5578374e-02
   1.6721760e-01  -6.5505821e-02   1.5610012e-01  -1.4965923e-01  -4.9105140e-01  -1.4958450e-01   1.5600598e-01  -6.5504882e-02
   1.5992734e-01  -6.4618450e-02   1.6429962e-01  -1.7509706e-01  -4.8984535e-01  -1.7501208e-01   1.6420115e-01  -6.4618062e-02
   1.5090965e-01  -6.2911936e-02   1.7099175e-01  -1.9960462e-01  -4.8663086e-01  -1.9951011e-01   1.7089095e-01  -6.2912238e-02
   1.4061636e-01  -6.0291032e-02   1.7580564e-01  -2.2300246e-01  -4.8127435e-01  -2.2289929e-01   1.7570480e-01  -6.0292150e-02
   1.2894051e-01  -5.6478681e-02   1.7908574e-01  -2.4528520e-01  -4.7327917e-01  -2.4517419e-01   1.7898624e-01  -5.6480748e-02
   1.1597889e-01  -5.1566044e-02   1.8101917e-01  -2.6630171e-01  -4.6286356e-01  -2.6618373e-01   1.8092163e-01  -5.1569094e-02
   1.0211890e-01  -4.5820577e-02   1.8159583e-01  -2.8583306e-01  -4.5054720e-01  -2.8570915e-01   1.8150064e-01  -4.5824488e-02
   8.7434923e-02  -3.9177009e-02   1.8067710e-01  -3.0393011e-01  -4.3615375e-01  -3.0380122e-01   1.8058491e-01  -3.9181569e-02
   7.2043067e-02  -3.1582550e-02   1.7845362e-01  -3.2050515e-01  -4.1953851e-01  -3.2037226e-01   1.7836501e-01  -3.1587591e-02
   5.6304669e-02  -2.3240639e-02   1.7488668e-01  -3.3526906e-01  -4.0108877e-01  -3.3513337e-01   1.7480243e-01  -2.3246071e-02
   4.0361364e-02  -1.4182466e-02   1.6965026e-01  -3.4838184e-01  -3.8080754e-01  -3.4824437e-01   1.6957150e-01  -1.4188263e-02
   2.4339240e-02  -4.4235200e-03   1.6261808e-01  -3.5983288e-01  -3.5861694e-01  -3.5969454e-01   1.6254609e-01  -4.4296927e-03
   8.5812412e-03   5.8312796e-03   1.5433023e-01  -3.6909473e-01  -3.3481529e-01  -3.6895671e-01   1.5426547e-01   5.8246733e-03
  -6.7531597e-03   1.6483672e-02   1.4493737e-01  -3.7616626e-01  -3.0950516e-01  -3.7602966e-01   1.4487979e-01   1.6476550e-02
  -2.1570204e-02   2.7480760e-02   1.3426887e-01  -3.8140185e-01  -2.8267332e-01  -3.8126728e-01   1.3421843e-01   2.7473098e-02
  -3.5552374e-02   3.8613104e-02   1.2253118e-01  -3.8476837e-01  -2.5457299e-01  -3.8463604e-01   1.2248786e-01   3.8605010e-02
  -4.8538601e-02   4.9733180e-02   1.0988288e-01  -3.8609073e-01  -2.2538365e-01  -3.8596093e-01   1.0984676e-01   4.9724879e-02
  -6.0527954e-02   6.0778049e-02   9.6298669e-02  -3.8546315e-01  -1.9513806e-01  -3.8533644e-01   9.6269955e-02   6.0769822e-02
  -7.1234462e-02   7.1540534e-02   8.1929246e-02  -3.8296247e-01  -1.6405185e-01  -3.8283942e-01   8.1908292e-02   7.1532725e-02
  -8.0450115e-02   8.1832534e-02   6.6955258e-02  -3.7847084e-01  -1.3235641e-01  -3.7835208e-01   6.6942451e-02   8.1825509e-02
  -8.8351144e-02   9.1623165e-02   5.1409541e-02  -3.7157090e-01  -1.0012016e-01  -3.7145736e-01   5.1405207e-02   9.1617241e-02
  -9.4741632e-02   1.0072077e-01   3.5408638e-02  -3.6244474e-01  -6.7518468e-02  -3.6233720e-01   3.5412892e-02   1.0071614e-01
  -9.9216235e-02   1.0889321e-01   1.9143389e-02  -3.5149980e-01  -3.4807288e-02  -3.5139850e-01   1.9156168e-02   1.0889001e-01
  -1.0198283e-01   1.1624588e-01   2.6764462e-03  -3.3853771e-01  -2.0776269e-03  -3.3844281e-01   2.6976211e-03   1.1624418e-01
  -1.0330158e-01   1.2258553e-01  -1.3895739e-02  -3.2343973e-01   3.0537890e-02  -3.2335156e-01  -1.3866380e-02   1.2258528e-01
  -1.0317144e-01   1.2736449e-01  -3.0377143e-02  -3.0658104e-01   6.2784118e-02  -3.0649993e-01  -3.0339987e-02   1.2736542e-01
  -1.0146342e-01   1.3066325e-01  -4.6692542e-02  -2.8795511e-01   9.4561360e-02  -2.8788130e-01  -4.6648097e-02   1.3066516e-01
  -9.8382519e-02   1.3275480e-01  -6.2762222e-02  -2.6747550e-01   1.2578000e-01  -2.6740913e-01  -6.2711003e-02   1.3275760e-01
  -9.4027394e-02   1.3366203e-01  -7.8385871e-02  -2.4542855e-01   1.5620848e-01  -2.4536971e-01  -7.8328353e-02   1.3366573e-01
  -8.8282306e-02   1.3318065e-01  -9.3482297e-02  -2.2190707e-01   1.8574616e-01  -2.2185591e-01  -9.3418739e-02   1.3318509e-01
  -8.1034497e-02   1.3142204e-01  -1.0800010e-01  -1.9689349e-01   2.1435001e-01  -1.9685018e-01  -1.0793068e-01   1.3142708e-01
  -7.2751042e-02   1.2838747e-01  -1.2173540e-01  -1.7063821e-01   2.4182830e-01  -1.7060296e-01  -1.2166049e-01   1.2839294e-01
  -6.3731096e-02   1.2389042e-01  -1.3459160e-01  -1.4331694e-01   2.6807509e-01  -1.4328996e-01  -1.3451195e-01   1.2389625e-01
  -5.3945177e-02   1.1759423e-01  -1.4657298e-01  -1.1496344e-01   2.9309715e-01  -1.1494490e-01  -1.4648955e-01   1.1760035e-01
  -4.3613431e-02   1.0986481e-01  -1.5747318e-01  -8.5805110e-02   3.1675032e-01  -8.5795091e-02  -1.5738708e-01   1.0987133e-01
  -3.3016624e-02   1.0108359e-01  -1.6716658e-01  -5.6084246e-02   3.3891119e-01  -5.6082798e-02  -1.6707869e-01   1.0109060e-01
  -2.2229046e-02   9.1151129e-02  -1.7579061e-01  -2.5875160e-02   3.5963709e-01  -2.5882332e-02  -1.7570135e-01   9.1158509e-02
  -1.1447630e-02   8.0116500e-02  -1.8309136e-01   4.6192375e-03   3.7883570e-01   4.6034329e-03  -1.8300104e-01   8.0123901e-02
  -9.6383292e-04   6.8273513e-02  -1.8861608e-01   3.5108120e-02   3.9634460e-01   3.5083742e-02  -1.8852535e-01   6.8280564e-02
   9.1504207e-03   5.5670367e-02  -1.9257334e-01   6.5490812e-02   4.1227820e-01   6.5457955e-02  -1.9248280e-01   5.5676790e-02
   1.8737069e-02   4.2398105e-02  -1.9518034e-01   9.5597083e-02   4.2659900e-01   9.5555912e-02  -1.9509057e-01   4.2403808e-02
   2.7483029e-02   2.8746821e-02  -1.9641662e-01   1.2510610e-01   4.3906111e-01   1.2505689e-01  -1.9632814e-01   2.8751827e-02
   3.5416424e-02   1.4829226e-02  -1.9607520e-01   1.5390783e-01   4.4991872e-01   1.5385089e-01  -1.9598867e-01   1.4833517e-02
   4.2445205e-02   7.4666921e-04  -1.9430803e-01   1.8187911e-01   4.5917846e-01   1.8181479e-01  -1.9422390e-01   7.5014847e-04
   4.8098432e-02  -1.3220571e-02  -1.9110166e-01   2.0869007e-01   4.6622459e-01   2.0861876e-01  -1.9102045e-01  -1.3217963e-02
   5.2309228e-02  -2.6935064e-02  -1.8616259e-01   2.3422883e-01   4.7106903e-01   2.3415091e-01  -1.8608506e-01  -2.6933277e-02
   5.5315902e-02  -4.0315175e-02  -1.7921849e-01   2.5844545e-01   4.7419409e-01   2.5836129e-01  -1.7914565e-01  -4.0314071e-02
   5.7114892e-02  -5.3103893e-02  -1.7070489e-01   2.8102390e-01   4.7569828e-01   2.8093397e-01  -1.7063736e-01  -5.3103294e-02
   5.7578271e-02  -6.5155036e-02  -1.6082869e-01   3.0183704e-01   4.7541794e-01   3.0174188e-01  -1.6076678e-01  -6.5154820e-02
   5.6757172e-02  -7.6448768e-02  -1.4937073e-01   3.2094976e-01   4.7339543e-01   3.2084991e-01  -1.4931483e-01  -7.6448911e-02
   5.4717657e-02  -8.6765267e-02  -1.3646309e-01   3.3807682e-01   4.6966934e-01   3.3797295e-01  -1.3641363e-01  -8.6765834e-02
   5.1401195e-02  -9.5948991e-02  -1.2232493e-01   3.5305675e-01   4.6406007e-01   3.5294953e-01  -1.2228230e-01  -9.5950086e-02
   4.6539516e-02  -1.0410736e-01  -1.0690275e-01   3.6617136e-01   4.5601870e-01   3.6606131e-01  -1.0686741e-01  -1.0410906e-01
   4.0325541e-02  -1.1104485e-01  -9.0291403e-02   3.7710331e-01   4.4573108e-01   3.7699104e-01  -9.0263785e-02  -1.1104710e-01
   3.3155034e-02  -1.1640738e-01  -7.2733980e-02   3.8522207e-01   4.3372655e-01   3.8510842e-01  -7.2714393e-02  -1.1640992e-01
   2.5008974e-02  -1.2037776e-01  -5.4269439e-02   3.9091461e-01   4.1984597e-01   3.9080026e-01  -5.4258101e-02  -1.2038035e-01
   1.5879408e-02  -1.2313490e-01  -3.4989728e-02   3.9457979e-01   4.0389608e-01   3.9446525e-01  -3.4986763e-02  -1.2313733e-01
   6.0796669e-03  -1.2464063e-01  -1.5158424e-02   3.9623703e-01   3.8616532e-01   3.9612261e-01  -1.5163989e-02  -1.2464235e-01
  -4.2941777e-03  -1.2480223e-01   5.1234665e-03   3.9565767e-01   3.6661787e-01   3.9554284e-01   5.1084963e-03  -1.2480038e-01
  -1.5191122e-02  -1.2380282e-01   2.5759452e-02   3.9313088e-01   3.4516203e-01   3.9301572e-01   2.5734695e-02  -1.2379649e-01
  -2.6346946e-02  -1.2167245e-01   4.6484287e-02   3.8865953e-01   3.2203164e-01   3.8854729e-01   4.6451600e-02  -1.2166877e-01
  -3.7626143e-02  -1.1825219e-01   6.7178694e-02   3.8188431e-01   2.9727111e-01   3.8179068e-01   6.7144173e-02  -1.1829126e-01
  -4.8955256e-02  -1.1342953e-01   8.7751832e-02   3.7246803e-01   2.7083757e-01   3.7241500e-01   8.7722648e-02  -1.1356751e-01
  -6.0094159e-02  -1.0756133e-01   1.0790744e-01   3.6104929e-01   2.4295607e-01   3.6105223e-01   1.0788750e-01  -1.0783645e-01
  -7.0882173e-02  -1.0085494e-01   1.2743539e-01   3.4795420e-01   2.1379275e-01   3.4800684e-01   1.2742151e-01  -1.0124831e-01
  -8.1265325e-02  -9.3225943e-02   1.4624949e-01   3.3291437e-01   1.8337484e-01   3.3299278e-01   1.4623338e-01  -9.3673116e-02
  -9.1031766e-02  -8.4841449e-02   1.6406110e-01   3.1608308e-01   1.5191274e-01   3.1615266e-01   1.6403185e-01  -8.5250805e-02
  -1.0001160e-01  -7.5917081e-02   1.8065457e-01   2.9773888e-01   1.1961400e-01   2.9777224e-01   1.8060451e-01  -7.6216514e-02
  -1.0823557e-01  -6.6467628e-02   1.9607684e-01   2.7782531e-01   8.6516556e-02   2.7781007e-01   1.9600393e-01  -6.6624181e-02
  -1.1552475e-01  -5.6592407e-02   2.1009931e-01   2.5643870e-01   5.2779125e-02   2.5638513e-01   2.1000853e-01  -5.6633076e-02
  -1.2159772e-01  -4.6494710e-02   2.2238034e-01   2.3384251e-01   1.8661817e-02   2.3377299e-01   2.2227909e-01  -4.6477965e-02
  -1.2656047e-01  -3.6242550e-02   2.3310656e-01   2.1006614e-01  -1.5738260e-02   2.1000092e-01   2.3300050e-01  -3.6219990e-02
  -1.3043319e-01  -2.5939769e-02   2.4208643e-01   1.8516969e-01  -5.0250342e-02   1.8511581e-01   2.4197732e-01  -2.5927768e-02
  -1.3301646e-01  -1.5794251e-02   2.4865012e-01   1.5939171e-01  -8.4565451e-02   1.5934842e-01   2.4853858e-01  -1.5790312e-02
  -1.3427086e-01  -5.8789883e-03   2.5286941e-01   1.3281157e-01  -1.1856209e-01   1.3277622e-01   2.5275597e-01  -5.8759918e-03
  -1.3436167e-01   3.7319057e-03   2.5510231e-01   1.0548907e-01  -1.5211672e-01   1.0546146e-01   2.5498814e-01   3.7350405e-03
  -1.3329922e-01   1.2836871e-02   2.5533702e-01   7.7640906e-02  -1.8492219e-01   7.7621186e-02   2.5522350e-01   1.2840168e-02
  -1.3094159e-01   2.1377303e-02   2.5326447e-01   4.9379151e-02  -2.1684015e-01   4.9367416e-02   2.5315292e-01   2.1380734e-02
  -1.2727141e-01   2.9322749e-02   2.4897214e-01   2.0763658e-02  -2.4779291e-01   2.0759978e-02   2.4886359e-01   2.9326253e-02
  -1.2248849e-01   3.6464146e-02   2.4252681e-01  -8.0121948e-03  -2.7749728e-01  -8.0077926e-03   2.4242204e-01   3.6467662e-02
  -1.1665203e-01   4.2768029e-02   2.3371074e-01  -3.6809073e-02  -3.0579244e-01  -3.6796566e-02   2.3361047e-01   4.2771527e-02
  -1.0963374e-01   4.8307365e-02   2.2205831e-01  -6.5569396e-02  -3.3267039e-01  -6.5548751e-02   2.2196332e-01   4.8310862e-02
  -1.0165586e-01   5.2806518e-02   2.0801260e-01  -9.4120497e-02  -3.5790331e-01  -9.4091716e-02   2.0792365e-01   5.2810056e-02
  -9.2973063e-02   5.5997058e-02   1.9203567e-01  -1.2229375e-01  -3.8129924e-01  -1.2225690e-01   1.9195348e-01   5.6000642e-02
  -8.3587637e-02   5.8109570e-02   1.7393654e-01  -1.5003805e-01  -4.0293640e-01  -1.4999325e-01   1.7386192e-01   5.8113090e-02
  -7.3628433e-02   5.9266398e-02   1.5379092e-01  -1.7720183e-01  -4.2267129e-01  -1.7714928e-01   1.5372471e-01   5.9269632e-02
  -6.3359715e-02   5.9450964e-02   1.3201951e-01  -2.0357900e-01  -4.4026543e-01  -2.0351897e-01   1.3196257e-01   5.9453659e-02
  -5.2859596e-02   5.8557447e-02   1.0865127e-01  -2.2912949e-01  -4.5591161e-01  -2.2906226e-01   1.0860460e-01   5.8559477e-02
  -4.2268922e-02   5.6715057e-02   8.3809497e-02  -2.5372918e-01  -4.6956435e-01  -2.5365504e-01   8.3774046e-02   5.6716394e-02
  -3.1882617e-02   5.3899249e-02   5.7951610e-02  -2.7712013e-01  -4.8082057e-01  -2.7703934e-01   5.7928031e-02   5.3899830e-02
  -2.1789950e-02   4.9883378e-02   3.1239752e-02  -2.9928024e-01  -4.8989993e-01  -2.9919270e-01   3.1228274e-02   4.9882680e-02
  -1.2119103e-02   4.4582413e-02   3.8358297e-03  -3.2012976e-01  -4.9703886e-01  -3.2003565e-01   3.8366650e-03   4.4580382e-02
  -3.2129117e-03   3.8381462e-02  -2.3776956e-02  -3.3933814e-01  -5.0198131e-01  -3.3923885e-01  -2.3763167e-02   3.8379731e-02
   4.9239525e-03   3.1391772e-02  -5.1352965e-02  -3.5690793e-01  -5.0466701e-01  -3.5680660e-01  -5.1324210e-02   3.1396659e-02
   1.2238708e-02   2.3504985e-02  -7.8730063e-02  -3.7285060e-01  -5.0542867e-01  -3.7275050e-01  -7.8684013e-02   2.3524659e-02
   1.8189236e-02   1.4884974e-02  -1.0542861e-01  -3.8672088e-01  -5.0432995e-01  -3.8662340e-01  -1.0536443e-01   1.4924599e-02
   2.2500130e-02   5.6639165e-03  -1.3113769e-01  -3.9839911e-01  -5.0123328e-01  -3.9830286e-01  -1.3105736e-01   5.7204015e-03
   2.5465854e-02  -4.1582871e-03  -1.5576106e-01  -4.0813636e-01  -4.9603057e-01  -4.0803852e-01  -1.5566847e-01  -4.0945482e-03
   2.7141029e-02  -1.4456149e-02  -1.7887971e-01  -4.1561856e-01  -4.8893016e-01  -4.1551562e-01  -1.7877979e-01  -1.4398461e-02
   2.7425455e-02  -2.5086184e-02  -2.0014656e-01  -4.2045852e-01  -4.8002242e-01  -4.2034847e-01  -2.0004310e-01  -2.5044707e-02
   2.6209272e-02  -3.6015812e-02  -2.1962654e-01  -4.2287779e-01  -4.6897614e-01  -4.2276098e-01  -2.1952115e-01  -3.5994592e-02
   2.3593436e-02  -4.7161960e-02  -2.3702025e-01  -4.2304275e-01  -4.5584192e-01  -4.2292205e-01  -2.3691204e-01  -4.7156624e-02
   1.9499487e-02  -5.8389071e-02  -2.5188143e-01  -4.2086199e-01  -4.4092721e-01  -4.2074057e-01  -2.5176886e-01  -5.8391376e-02
   1.3519129e-02  -6.9647549e-02  -2.6450160e-01  -4.1598763e-01  -4.2409123e-01  -4.1586770e-01  -2.6438370e-01  -6.9650455e-02
   5.6604440e-03  -8.0882682e-02  -2.7481397e-01  -4.0855097e-01  -4.0520816e-01  -4.0843332e-01  -2.7469138e-01  -8.0884012e-02
  -3.5229230e-03  -9.1985019e-02  -2.8217904e-01  -3.9872979e-01  -3.8447300e-01  -3.9861510e-01  -2.8205316e-01  -9.1985093e-02
  -1.3998001e-02  -1.0290876e-01  -2.8677977e-01  -3.8616423e-01  -3.6181416e-01  -3.8605329e-01  -2.8665195e-01  -1.0290844e-01
  -2.5922647e-02  -1.1363202e-01  -2.8913344e-01  -3.7062045e-01  -3.3711684e-01  -3.7051410e-01  -2.8900448e-01  -1.1363131e-01
  -3.9007639e-02  -1.2408925e-01  -2.8929098e-01  -3.5268466e-01  -3.1052286e-01  -3.5258359e-01  -2.8916161e-01  -1.2408800e-01
  -5.3141050e-02  -1.3424780e-01  -2.8708362e-01  -3.3245463e-01  -2.8201606e-01  -3.3235951e-01  -2.8695498e-01  -1.3424591e-01
  -6.8354159e-02  -1.4410796e-01  -2.8276072e-01  -3.0968143e-01  -2.5150545e-01  -3.0959294e-01  -2.8263416e-01  -1.4410542e-01
  -8.4446663e-02  -1.5364841e-01  -2.7650376e-01  -2.8466946e-01  -2.1911646e-01  -2.8458822e-01  -2.7638057e-01  -1.5364523e-01
  -1.0126897e-01  -1.6285581e-01  -2.6825084e-01  -2.5761339e-01  -1.8490517e-01  -2.5753996e-01  -2.6813222e-01  -1.6285202e-01
  -1.1880798e-01  -1.7174286e-01  -2.5772102e-01  -2.2841969e-01  -1.4881247e-01  -2.2835468e-01  -2.5760817e-01  -1.7173843e-01
  -1.3693754e-01  -1.8032383e-01  -2.4541006e-01  -1.9730799e-01  -1.1095896e-01  -1.9725196e-01  -2.4530367e-01  -1.8031870e-01
  -1.5551447e-01  -1.8860979e-01  -2.3183014e-01  -1.6454375e-01  -7.1479410e-02  -1.6449718e-01  -2.3173052e-01  -1.8860395e-01
  -1.7450595e-01  -1.9661671e-01  -2.1693350e-01  -1.3013075e-01  -3.0359374e-02  -1.3009415e-01  -2.1684111e-01  -1.9661017e-01
  -1.9385084e-01  -2.0437996e-01  -2.0081397e-01  -9.4228185e-02   1.2289634e-02  -9.4201966e-02  -2.0072946e-01  -2.0437280e-01
  -2.1344586e-01  -2.1193790e-01  -1.8382970e-01  -5.7132026e-02   5.6267762e-02  -5.7116516e-02  -1.8375363e-01  -2.1193019e-01
  -2.3325559e-01  -2.1930895e-01  -1.6606093e-01  -1.8915956e-02   1.0153585e-01  -1.8911447e-02  -1.6599382e-01  -2.1930071e-01
  -2.5326777e-01  -2.2653472e-01  -1.4759568e-01   2.0301292e-02   1.4799765e-01   2.0294547e-02  -1.4753787e-01  -2.2652594e-01
  -2.7344051e-01  -2.3367988e-01  -1.2871774e-01   6.0228929e-02   1.9541937e-01   6.0210732e-02  -1.2866934e-01  -2.3367054e-01
  -2.9375233e-01  -2.4077198e-01  -1.0954114e-01   1.0074982e-01   2.4371249e-01   1.0071987e-01  -1.0950221e-01  -2.4076213e-01
  -3.1422131e-01  -2.4784980e-01  -9.0140445e-02   1.4177102e-01   2.9279773e-01   1.4172915e-01  -9.0110908e-02  -2.4783947e-01
  -3.3487447e-01  -2.5499693e-01  -7.0738693e-02   1.8303673e-01   3.4245012e-01   1.8298315e-01  -7.0718053e-02  -2.5498602e-01
  -3.5572424e-01  -2.6226212e-01  -5.1454317e-02   2.2440693e-01   3.9254719e-01   2.2434251e-01  -5.1441528e-02  -2.6225026e-01
  -3.7680553e-01  -2.6968245e-01  -3.2344708e-02   2.6581055e-01   4.4302725e-01   2.6573642e-01  -3.2338590e-02  -2.6966912e-01
  -3.9820040e-01  -2.7734614e-01  -1.3583516e-02   3.0704525e-01   4.9370911e-01   3.0696237e-01  -1.3583152e-02  -2.7733090e-01
  -4.1997738e-01  -2.8533052e-01   4.7120647e-03   3.4796725e-01   5.4446316e-01   3.4787596e-01   4.7069253e-03  -2.8531325e-01
  -4.4218299e-01  -2.9368072e-01   2.2509033e-02   3.8852664e-01   5.9524306e-01   3.8842663e-01   2.2498053e-02  -2.9366161e-01
  -4.6491105e-01  -3.0246937e-01   3.9674556e-02   4.2857070e-01   6.4591072e-01   4.2846114e-01   3.9656959e-02  -3.0244888e-01
  -4.8827420e-01  -3.1178464e-01   5.6085633e-02   4.6795999e-01   6.9634577e-01   4.6784008e-01   5.6060734e-02  -3.1176326e-01
  -5.1234042e-01  -3.2169097e-01   7.1737819e-02   5.0666683e-01   7.4652067e-01   5.0653621e-01   7.1705360e-02  -3.2166901e-01
  -5.3712042e-01  -3.3220691e-01   8.6537130e-02   5.4454082e-01   7.9626251e-01   5.4439976e-01   8.6497528e-02  -3.3218438e-01
  -5.6263563e-01  -3.4335311e-01   1.0034397e-01   5.8138587e-01   8.4535560e-01   5.8123505e-01   1.0029809e-01  -3.4332983e-01
  -5.8896850e-01  -3.5519560e-01   1.1318767e-01   6.1721611e-01   8.9381413e-01   6.1705640e-01   1.1313658e-01  -3.5517128e-01
  -6.1587917e-01  -3.6761851e-01   1.2501924e-01   6.5177991e-01   9.4125005e-01   6.5161171e-01   1.2496351e-01  -3.6759307e-01
  -6.4284580e-01  -3.8033883e-01   1.3565433e-01   6.8452188e-01   9.8685311e-01   6.8434492e-01   1.3559383e-01  -3.8031244e-01
  -6.6949573e-01  -3.9315132e-01   1.4511336e-01   7.1520991e-01   1.0301981e+00   7.1502355e-01   1.4504761e-01  -3.9312439e-01
  -6.9549134e-01  -4.0587456e-01   1.5344710e-01   7.4367100e-01   1.0709402e+00   7.4347424e-01   1.5337526e-01  -4.0584769e-01
  -7.2038763e-01  -4.1826206e-01   1.6055362e-01   7.6952256e-01   1.1084942e+00   7.6931381e-01   1.6047422e-01  -4.1823609e-01
  -7.4401081e-01  -4.3021956e-01   1.6636427e-01   7.9258258e-01   1.1426013e+00   7.9235997e-01   1.6627553e-01  -4.3019545e-01
  -7.6645938e-01  -4.4180830e-01   1.7084162e-01   8.1286395e-01   1.1733226e+00   8.1262563e-01   1.7074170e-01  -4.4178696e-01
  -7.8897827e-01  -4.5341051e-01   1.7558768e-01   8.3350384e-01   1.2044186e+00   8.3325039e-01   1.7547743e-01  -4.5339188e-01
  -8.0905424e-01  -4.6429290e-01   1.7696063e-01   8.4769669e-01   1.2278536e+00   8.4742297e-01   1.7683423e-01  -4.6427891e-01
